216  
8    

1    
  0.0085622777613641   0.0000000000000000   0.0051659848564674
  -0.0315410213    0.0000509306   -0.0268223609
   0.0012352968    0.0000657574    0.0000105951
   0.0018116148    0.0003404703   -0.0009330380
   0.0000153922    0.0000781154   -0.0004592295
   0.0002144772    0.0000857686   -0.0000102216
   0.0003082113   -0.0001352732    0.0000292253
  -0.0002694916   -0.0004988608   -0.0004575942
   0.0000823732   -0.0003316690    0.0000212375
  -0.0000518656    0.0003358200   -0.0001572806
  -0.0029028391   -0.0000002045    0.0048472667
   0.0010749029    0.0000695226    0.0004519847
   0.0005698253    0.0002299608   -0.0000723765
  -0.0001085724   -0.0000004325    0.0001932404
   0.0001537296   -0.0000464377    0.0000153418
   0.0001364520    0.0000279761    0.0000362262
  -0.0002091127   -0.0003227812    0.0001934054
   0.0000060079   -0.0001714326    0.0000847378
  -0.0000694459    0.0001389152    0.0000589666
  -0.0028791881    0.0000019120    0.0048464498
   0.0006924196    0.0001709892   -0.0002360052
   0.0010154829    0.0004478167    0.0006251249
  -0.0000481067   -0.0005856565    0.0002405169
   0.0001050432   -0.0000170950   -0.0000126753
   0.0001597657   -0.0000653704    0.0001507318
  -0.0002647871   -0.0000525891    0.0001369823
  -0.0000350322   -0.0002266553   -0.0000293098
  -0.0000758036    0.0002348652    0.0000867562
   0.0007384202    0.0023338056   -0.0011028895
   0.0003898979   -0.0000146958   -0.0001362138
   0.0002021976   -0.0024973709   -0.0015022698
  -0.0000148752   -0.0000241671   -0.0000867732
  -0.0001324394    0.0000160885   -0.0000521429
  -0.0000371698   -0.0000459472   -0.0001506380
   0.0007877732   -0.0019826939   -0.0007319686
   0.0004384903    0.0000092508   -0.0001000886
   0.0002881118    0.0027851277   -0.0017505423
   0.0005903065    0.0017823762    0.0011751771
  -0.0000905968    0.0000470296    0.0000241843
  -0.0003635062   -0.0005267922    0.0001750870
   0.0000267736   -0.0000235665    0.0000846497
  -0.0001338666    0.0000154857    0.0000062017
   0.0000390301    0.0000106843    0.0000375771
   0.0007150538   -0.0012938066    0.0012810254
   0.0001189362    0.0000403410    0.0000310495
  -0.0002402631    0.0007962287   -0.0001890169
  -0.0003954596    0.0008173806   -0.0001435123
   0.0000826715    0.0000283212    0.0000885531
   0.0005659263   -0.0013494600    0.0012642033
   0.0000083631    0.0000033885    0.0000336115
  -0.0001307806    0.0000203088    0.0000054049
   0.0000288367    0.0000057781    0.0000205973
  -0.0004082582   -0.0004661916    0.0001952545
   0.0002703518    0.0000288191    0.0000315728
   0.0005219835    0.0017565270    0.0011238443
   0.0001786427   -0.0016108826   -0.0033436170
   0.0001569629    0.0000615389   -0.0035960281
  -0.0001057942    0.0004065888   -0.0035170291
   0.0000218378   -0.0000132035   -0.0035144683
   0.0000049518    0.0000334883   -0.0035082772
   0.0000034255    0.0000167889   -0.0035008109
  -0.0005524823   -0.0022977080   -0.0045750073
  -0.0001509105   -0.0000077087   -0.0035432182
   0.0001610479    0.0004112973   -0.0034888238
  -0.0001702705   -0.0001588490   -0.0035811134
   0.0001813826   -0.0001643145   -0.0034696304
  -0.0000339049    0.0001740582   -0.0035666562
  -0.0000071997   -0.0000010407   -0.0035104232
  -0.0000158429    0.0000282660   -0.0034966748
  -0.0000079431    0.0000172604   -0.0035049214
   0.0003140502   -0.0000138924   -0.0030814053
  -0.0000359126    0.0001348224   -0.0034841103
   0.0001420110    0.0000848302   -0.0035798090
  -0.0019609106   -0.0013157031   -0.0035412519
   0.0001732415    0.0000825305   -0.0033684435
  -0.0003639406    0.0006192618   -0.0034180396
   0.0000140222   -0.0000038391   -0.0034766230
   0.0000023051    0.0000221393   -0.0034884980
   0.0000175227    0.0000272652   -0.0034996711
   0.0002006779   -0.0001627199   -0.0022914680
  -0.0002632243    0.0002744912   -0.0034840043
   0.0002658276    0.0002850971   -0.0035525002
   0.0019304608   -0.0021426968    0.0048488523
  -0.0001503810   -0.0001748319    0.0035238000
   0.0008468308   -0.0004687201    0.0033408853
  -0.0000480250    0.0000269152    0.0035148888
  -0.0000673642   -0.0000402237    0.0035233955
   0.0000264357    0.0000802682    0.0034631667
  -0.0001295946   -0.0000374305    0.0036152380
  -0.0000633412   -0.0000541605    0.0034872616
  -0.0000064767    0.0001515884    0.0035825092
  -0.0001217597    0.0000740618    0.0031418155
  -0.0001288010   -0.0001438086    0.0034893827
  -0.0003128710    0.0000945748    0.0041990678
  -0.0000328463    0.0000663264    0.0034663931
  -0.0000500618   -0.0000444247    0.0035064401
   0.0001436067   -0.0000026470    0.0034711099
   0.0001145544    0.0000091453    0.0034744111
  -0.0000626923   -0.0000533966    0.0034919064
  -0.0003475548    0.0000955626    0.0034868770
   0.0027978492    0.0015253415    0.0018701597
  -0.0001780880   -0.0002595671    0.0034848009
   0.0034020454    0.0003386272    0.0041689205
   0.0002290760    0.0001045662    0.0034777825
  -0.0000549363   -0.0000606313    0.0035115130
   0.0004204459    0.0000447270    0.0034262788
  -0.0001785453    0.0000137151    0.0034889325
  -0.0000712739   -0.0000587965    0.0034796004
  -0.0003061113    0.0000871878    0.0034629026
   0.0011056591    0.0001959227   -0.0002235771
   0.0001951158    0.0002909285   -0.0003931770
   0.0002820284    0.0006449399   -0.0001352245
   0.0005400911    0.0005083078   -0.0002238082
   0.0005081933    0.0005099668   -0.0003019157
   0.0004967091    0.0004782734   -0.0002769006
   0.0057706277   -0.0039329478    0.0062736553
   0.0002329796    0.0006946646   -0.0002870208
   0.0003110624    0.0003388967   -0.0000985211
   0.0009151191    0.0004486542   -0.0006377714
   0.0004929128    0.0002684817   -0.0003663141
   0.0004171424    0.0004560456   -0.0004466346
   0.0005088994    0.0005319059   -0.0003137774
   0.0005665129    0.0004038926   -0.0003089531
   0.0004275017    0.0005519173   -0.0003253137
   0.0007151368    0.0004458763   -0.0008322061
   0.0005361006    0.0004579953   -0.0003330073
   0.0004447033    0.0003885694   -0.0004162530
   0.0014584489    0.0011419593    0.0004646542
   0.0003565784    0.0003549662   -0.0003703196
   0.0002294803    0.0006795937   -0.0003438538
   0.0005353001    0.0005339668   -0.0002197200
   0.0005311074    0.0005054886   -0.0002881491
   0.0004768269    0.0005008500   -0.0003142110
   0.0028907687   -0.0007213239   -0.0004679135
   0.0003322825    0.0006957793   -0.0002299408
   0.0003429593    0.0004884829   -0.0003232613
  -0.0007722551   -0.0007009542   -0.0000811827
  -0.0006555910   -0.0003299207   -0.0001673753
   0.0008223381   -0.0010485724   -0.0000476032
  -0.0005223172   -0.0004722755   -0.0002588059
  -0.0004587899   -0.0004733481   -0.0002733006
  -0.0004577121   -0.0004447971   -0.0002966495
  -0.0007778519   -0.0003204034   -0.0002568351
  -0.0006730258   -0.0006540539   -0.0001844496
   0.0004098378    0.0006556359   -0.0003710708
  -0.0006580789   -0.0006038699   -0.0004070916
  -0.0004554605   -0.0004755269   -0.0003481761
  -0.0001448830   -0.0006749985   -0.0008475977
  -0.0005598267   -0.0004620325   -0.0002956068
  -0.0004071853   -0.0005945943   -0.0003093895
  -0.0004860964   -0.0004619201   -0.0003830149
  -0.0006303372   -0.0004789819   -0.0004193375
  -0.0004939831   -0.0006861013   -0.0003302298
  -0.0000738618   -0.0003848348   -0.0006659916
  -0.0005365395   -0.0003962887   -0.0003187860
  -0.0007969884   -0.0001286685   -0.0003890943
   0.0034959889   -0.0037725313    0.0025488668
  -0.0005129066   -0.0004839126   -0.0002765552
  -0.0004743058   -0.0004765740   -0.0002852551
  -0.0004540656   -0.0004724683   -0.0003123037
  -0.0006916357   -0.0003996139   -0.0001378196
  -0.0008272968   -0.0007445485   -0.0000998225
   0.0001184602   -0.0007723059   -0.0004796445
   0.0004409443   -0.0007065568    0.0002606257
   0.0003940529   -0.0005603746    0.0003049997
   0.0005955841   -0.0003112028    0.0004646155
   0.0004273682   -0.0003088489    0.0003516525
   0.0003810222   -0.0004781891    0.0003326301
   0.0007020140   -0.0004563023    0.0002073441
  -0.0005894137    0.0001128575    0.0004258729
   0.0001924351   -0.0005479046    0.0004174941
   0.0018107125    0.0006992079    0.0002141856
   0.0005308260   -0.0007032220    0.0001558932
   0.0004153025   -0.0003625201    0.0002714172
   0.0005549700   -0.0002394201    0.0001641405
   0.0005252305   -0.0004375772    0.0002744502
   0.0004812378   -0.0004400917    0.0003030827
   0.0005964778   -0.0005754405    0.0002048725
   0.0004988375   -0.0004188399    0.0000532486
   0.0001938900   -0.0005070580    0.0002376877
   0.0007502928   -0.0005591497   -0.0003729051
   0.0004998245   -0.0006595477    0.0004131955
   0.0003991033   -0.0005417050    0.0003418818
   0.0005591824   -0.0002307892    0.0005002276
   0.0005108934   -0.0004647878    0.0003336609
   0.0003698194   -0.0004968416    0.0003394760
   0.0005954961   -0.0005914340    0.0003024289
  -0.0007898991   -0.0013472531    0.0015123290
   0.0001660029   -0.0005738447    0.0004027376
   0.0067736193    0.0046603162    0.0071154019
   0.0030494733    0.0033583850    0.0032035550
  -0.0007679932    0.0004445251    0.0002091856
  -0.0006431748    0.0007471954    0.0007185568
  -0.0004443771    0.0003938527    0.0003359698
  -0.0006097468    0.0004902059    0.0002573830
  -0.0004523996    0.0004756394    0.0003455167
  -0.0004915636    0.0007849969    0.0000592502
  -0.0005937949    0.0004225364    0.0002726855
  -0.0004536247    0.0003462981    0.0004219693
  -0.0001060166    0.0005528531   -0.0001439655
  -0.0007865329    0.0004712398    0.0002172198
  -0.0006387696    0.0005661645   -0.0001938082
  -0.0004087334    0.0004445445    0.0002590101
  -0.0005056570    0.0005513180    0.0002358981
  -0.0005006735    0.0005475895    0.0002180288
  -0.0004260500    0.0006325093    0.0001770417
  -0.0005331967    0.0006266336    0.0002790353
  -0.0004696285    0.0002575137    0.0001507299
   0.0021683729    0.0018287450    0.0000500427
  -0.0008595880    0.0003974694    0.0002418342
  -0.0032237623   -0.0000687468   -0.0009416977
  -0.0003553015    0.0004882834    0.0003984088
  -0.0006210752    0.0005091244    0.0002490007
  -0.0005114293    0.0006498874    0.0002630239
  -0.0003762330    0.0006610601    0.0004833281
  -0.0006254685    0.0004109663    0.0002865492
  -0.0005065514    0.0002543897    0.0003607555

1    
 -0.0085622777613641   0.0000000000000000  -0.0051659848564674
   0.0316047660    0.0001950982    0.0268951829
  -0.0012457431   -0.0003439817    0.0000086896
  -0.0018190341   -0.0000587379    0.0009612492
   0.0002680517   -0.0000884222    0.0004874840
   0.0000123200   -0.0003277287    0.0000232456
  -0.0000737063    0.0003639579    0.0000057754
  -0.0000086426    0.0004972632    0.0004822631
  -0.0003252339    0.0000973118    0.0002098235
  -0.0001839145   -0.0001024758   -0.0000269717
   0.0028832879    0.0000038502   -0.0048237917
  -0.0010860307   -0.0002570302   -0.0004257535
  -0.0005676159   -0.0000370348    0.0000975296
   0.0003028475   -0.0000065743   -0.0001230330
   0.0000258650   -0.0001479201   -0.0000385936
   0.0000503317    0.0001523086   -0.0000112048
   0.0000205410    0.0003192208   -0.0002168078
  -0.0001999808   -0.0000423768   -0.0000117295
  -0.0001205299    0.0000464446   -0.0000334007
   0.0029040095    0.0000019198   -0.0048247210
  -0.0006981165   -0.0003592693    0.0002613373
  -0.0010227773   -0.0002579669   -0.0006031334
   0.0002405623    0.0005779172   -0.0002649837
   0.0000765776   -0.0001768897    0.0000383829
   0.0000264980    0.0002464483   -0.0000788245
   0.0000765004    0.0000545714   -0.0000649866
  -0.0001608568    0.0000333398    0.0000539450
  -0.0001131020   -0.0000489915   -0.0001106237
  -0.0007649659   -0.0022783083    0.0006663320
  -0.0004602635    0.0000105918    0.0001122908
  -0.0002702791    0.0024595781    0.0018961026
   0.0000103016   -0.0000040979    0.0000634377
   0.0001045198   -0.0000436682    0.0000283064
   0.0000409413    0.0000181279    0.0001268044
  -0.0007595185    0.0020263513    0.0009150060
  -0.0004250709   -0.0000078354    0.0000759209
  -0.0002163360   -0.0028253331    0.0015248263
  -0.0006392811   -0.0017350849   -0.0014318262
  -0.0001255618   -0.0000504246   -0.0000461005
   0.0003202110    0.0004700873    0.0000360734
  -0.0000313469   -0.0000037120   -0.0001071394
   0.0001058199   -0.0000430516   -0.0000280848
  -0.0000355386   -0.0000391482   -0.0000601574
  -0.0006715486    0.0013439050   -0.0010666406
   0.0000405288   -0.0000368181   -0.0000536850
   0.0002916451   -0.0008376562   -0.0000736354
   0.0003420133   -0.0007705333   -0.0001173851
  -0.0002990723   -0.0000323944   -0.0001122053
  -0.0005799771    0.0013036243   -0.0010528650
  -0.0000135056   -0.0000316053   -0.0000573395
   0.0001032717   -0.0000488086   -0.0000288485
  -0.0000249672   -0.0000339656   -0.0000438598
   0.0004486881    0.0005178257    0.0000216725
  -0.0001112077   -0.0000249034   -0.0000540799
  -0.0004703555   -0.0018061537   -0.0013860752
  -0.0006040681    0.0015951365   -0.0036533698
  -0.0001434859   -0.0005318589   -0.0034053459
   0.0001197606    0.0000676542   -0.0034827897
  -0.0000198103    0.0000150108   -0.0034855684
  -0.0000031964   -0.0000316515   -0.0034918394
  -0.0000017073   -0.0000148839   -0.0034993498
   0.0009873031    0.0023125644   -0.0024409791
   0.0001406136   -0.0004626133   -0.0034574219
  -0.0001715144    0.0000630168   -0.0035119673
  -0.0003019042    0.0005054403   -0.0034226119
  -0.0001681503   -0.0001821511   -0.0035302534
   0.0000480865   -0.0001689461   -0.0034334187
   0.0000091934    0.0000030406   -0.0034895542
   0.0000172326   -0.0000237059   -0.0035021652
   0.0000096187   -0.0000156351   -0.0034952668
   0.0001629170    0.0003610204   -0.0039199663
   0.0000254992   -0.0004780823   -0.0035174453
  -0.0001519709   -0.0000800444   -0.0034200602
   0.0014806293    0.0009796829   -0.0034626414
  -0.0001588004   -0.0000869861   -0.0036324016
   0.0003805287   -0.0002680854   -0.0035822294
  -0.0000121984    0.0000057090   -0.0035236285
  -0.0000010673   -0.0000216986   -0.0035116821
  -0.0000157735   -0.0000254434   -0.0035005151
   0.0002871429   -0.0001796642   -0.0047069271
   0.0002517143   -0.0002782659   -0.0035154274
  -0.0002787997    0.0000484895   -0.0034458557
  -0.0018798381    0.0021467997    0.0021915708
   0.0001539450    0.0001777086    0.0034757455
  -0.0008422734    0.0004629196    0.0036613456
   0.0003939311   -0.0000356293    0.0034846522
   0.0000691909    0.0000420792    0.0034762579
  -0.0000690561   -0.0000674469    0.0035360758
  -0.0002202605    0.0000272276    0.0033841705
   0.0000653241    0.0000561907    0.0035122855
   0.0000533043   -0.0001381070    0.0034172152
   0.0001269388   -0.0000849896    0.0038601326
   0.0001308133    0.0001460844    0.0035102456
   0.0003139181   -0.0000829614    0.0028004199
  -0.0000067656   -0.0000779108    0.0035331696
   0.0000521463    0.0000462279    0.0034931517
   0.0001784459    0.0000161049    0.0035286012
  -0.0000748051   -0.0000198129    0.0035250572
   0.0000647158    0.0000546910    0.0035078037
   0.0000010993   -0.0000820754    0.0035128083
  -0.0027099722   -0.0015068237    0.0050880292
   0.0001800259    0.0002612984    0.0035149891
  -0.0035114913   -0.0004160356    0.0027750451
   0.0002495170   -0.0001146251    0.0035221657
   0.0000567284    0.0000624183    0.0034879837
   0.0000579937   -0.0000319556    0.0035736725
  -0.0002962728   -0.0000233324    0.0035107004
   0.0000732255    0.0000606381    0.0035199401
  -0.0001678222   -0.0000732908    0.0035366907
  -0.0001154616    0.0007973536   -0.0003525382
   0.0008011235    0.0006899406   -0.0001893015
   0.0007133949    0.0003362642   -0.0004485435
   0.0004554038    0.0004738556   -0.0003588353
   0.0004879031    0.0004718070   -0.0002806271
   0.0004987751    0.0005036206   -0.0003056896
  -0.0046708500    0.0047151909   -0.0066710976
   0.0007626191    0.0002873426   -0.0002948727
   0.0006854609    0.0006432853   -0.0004854950
   0.0000808980    0.0005321188    0.0000576379
   0.0005032002    0.0007131376   -0.0002164462
   0.0005769862    0.0005259310   -0.0001353824
   0.0004871746    0.0004492656   -0.0002684265
   0.0004202427    0.0005895054   -0.0002711282
   0.0005689931    0.0004298756   -0.0002572087
   0.0002801020    0.0005376218    0.0002506968
   0.0004600795    0.0005235880   -0.0002496908
   0.0005515049    0.0005936025   -0.0001653265
  -0.0004641149   -0.0001660575   -0.0010500313
   0.0006399795    0.0006270715   -0.0002117081
   0.0007670971    0.0003009890   -0.0002382901
   0.0004602041    0.0004477955   -0.0003628894
   0.0004654388    0.0004753066   -0.0002931615
   0.0005187374    0.0004808423   -0.0002683250
  -0.0019208823    0.0017311554   -0.0000978631
   0.0006642144    0.0002857959   -0.0003520601
   0.0006550936    0.0004903195   -0.0002617709
  -0.0002210268   -0.0002787318   -0.0004988493
  -0.0003355456   -0.0006486838   -0.0004158308
  -0.0017970741    0.0000483151   -0.0005624453
  -0.0004691341   -0.0005056611   -0.0003239906
  -0.0005329468   -0.0005045269   -0.0003094053
  -0.0005346723   -0.0005324222   -0.0002861320
  -0.0002142690   -0.0006566651   -0.0003255447
  -0.0003190361   -0.0003232273   -0.0003981404
  -0.0013954584   -0.0016331440   -0.0002070244
  -0.0003348005   -0.0003742477   -0.0001744671
  -0.0005363561   -0.0005029329   -0.0002336034
  -0.0008459166   -0.0003049556    0.0002668071
  -0.0004313126   -0.0005155026   -0.0002866586
  -0.0005851864   -0.0003830603   -0.0002732130
  -0.0005058545   -0.0005156916   -0.0001990362
  -0.0003695526   -0.0004877144   -0.0001651160
  -0.0004972587   -0.0002917033   -0.0002522433
  -0.0009186494   -0.0005925810    0.0000842249
  -0.0004565412   -0.0005815946   -0.0002630427
  -0.0001941114   -0.0008512611   -0.0001923625
  -0.0045510216    0.0029276215   -0.0032461559
  -0.0004788221   -0.0004941609   -0.0003059082
  -0.0005172983   -0.0005015353   -0.0002972985
  -0.0005379851   -0.0005054451   -0.0002704809
  -0.0002997415   -0.0005788321   -0.0004453717
  -0.0001654811   -0.0002332613   -0.0004837968
  -0.0011143381   -0.0002064432   -0.0001009943
   0.0005549456   -0.0002712736    0.0003215851
   0.0006018948   -0.0004181655    0.0002768692
   0.0004004474   -0.0006667993    0.0001172835
   0.0005690052   -0.0006696189    0.0002301097
   0.0006146664   -0.0004995705    0.0002493352
   0.0002934353   -0.0005212423    0.0003745627
   0.0015768800   -0.0010881946    0.0001526178
   0.0008021064   -0.0004313783    0.0001640246
  -0.0008097395   -0.0016750270    0.0003746979
   0.0004634799   -0.0002759820    0.0004265980
   0.0005806270   -0.0006156383    0.0003106826
   0.0004403076   -0.0007389543    0.0004188436
   0.0004808325   -0.0005391933    0.0003088314
   0.0005151645   -0.0005371074    0.0002786666
   0.0003990256   -0.0004020546    0.0003771883
   0.0004963404   -0.0005585738    0.0005271110
   0.0008022128   -0.0004705730    0.0003447589
   0.0002469470   -0.0004177756    0.0009557301
   0.0004955206   -0.0003184158    0.0001686810
   0.0005968524   -0.0004362341    0.0002399596
   0.0004364222   -0.0007476238    0.0000809025
   0.0004845212   -0.0005131205    0.0002488130
   0.0006260058   -0.0004807549    0.0002425423
   0.0003995729   -0.0003864339    0.0002798011
   0.0017909032    0.0003625716   -0.0009253981
   0.0008304390   -0.0004041913    0.0001794510
  -0.0061176291   -0.0058590742   -0.0068391621
  -0.0038195455   -0.0022524083   -0.0023836168
  -0.0002234133    0.0005366967    0.0003727208
  -0.0003502680    0.0002358800   -0.0001447462
  -0.0005461252    0.0005882742    0.0002464452
  -0.0003822652    0.0004913312    0.0003246540
  -0.0005404868    0.0005068440    0.0002359634
  -0.0004992557    0.0001975075    0.0005234743
  -0.0003979901    0.0005595660    0.0003091133
  -0.0005382586    0.0006362000    0.0001584515
  -0.0008888099    0.0004276715    0.0007245979
  -0.0002054240    0.0005100391    0.0003648176
  -0.0003525511    0.0004162103    0.0007786112
  -0.0005825240    0.0005380935    0.0003233568
  -0.0004858674    0.0004302719    0.0003461726
  -0.0004912906    0.0004342320    0.0003643349
  -0.0005669619    0.0003509837    0.0004036186
  -0.0004482078    0.0003556780    0.0003019725
  -0.0005219184    0.0007239842    0.0004317557
  -0.0031702133   -0.0008663483    0.0005439832
  -0.0001311445    0.0005850706    0.0003404147
   0.0022470008    0.0010567056    0.0015310645
  -0.0006367116    0.0004932071    0.0001829096
  -0.0003706656    0.0004725029    0.0003331794
  -0.0004808803    0.0003313200    0.0003188386
  -0.0006160176    0.0003205893    0.0000987865
  -0.0003666408    0.0005708179    0.0002946077
  -0.0004851952    0.0007277205    0.0002214489

55   
  0.0085622777613641   0.0000000000000000   0.0051659848564674
   0.0001486722   -0.0002255244    0.0004663223
  -0.0002680218   -0.0002171181    0.0001201920
   0.0000258365    0.0000747259   -0.0001404327
  -0.0005524748   -0.0015982611   -0.0013973015
   0.0002879693   -0.0001338882   -0.0001306172
  -0.0000482956    0.0000292674    0.0000582273
   0.0000495334   -0.0000378959   -0.0000033412
   0.0000309673   -0.0000899468    0.0000075956
  -0.0000004861   -0.0001040702    0.0000067593
  -0.0012585791    0.0008817928   -0.0008115830
  -0.0004204634   -0.0001536504   -0.0000370581
   0.0001259169    0.0000472458   -0.0000336749
  -0.0005063912    0.0017710534    0.0019915685
   0.0002111280   -0.0000760047    0.0001348474
  -0.0002351433    0.0000068871    0.0001537168
   0.0000606476   -0.0001928467    0.0000388672
   0.0000089174   -0.0000836293    0.0000274620
   0.0000195264   -0.0000973146    0.0000148120
  -0.0000780732    0.0002538327    0.0001791692
  -0.0001785485   -0.0001595384   -0.0000417893
  -0.0000557389    0.0000954229    0.0000184956
   0.0002236281   -0.0003822710    0.0001814400
   0.0001432458   -0.0001031332   -0.0000455383
   0.0000249219    0.0000215601    0.0000204443
   0.0000386706   -0.0001111373   -0.0000037733
   0.0000098513   -0.0000846294    0.0000079102
   0.0000135861   -0.0000897280    0.0000084605
   0.0024537434   -0.0022664297   -0.0010186668
  -0.0000387565    0.0000052342   -0.0000262966
   0.0037311563   -0.0016224844    0.0001133868
  -0.0000152226    0.0003585282   -0.0001451960
   0.0000014869   -0.0000449825   -0.0000307592
  -0.0001809868    0.0001180016   -0.0000880709
   0.0000710289    0.0003078538    0.0000102133
  -0.0000122904   -0.0000228965   -0.0000027328
   0.0002110887    0.0001171382    0.0000396208
   0.0019944491   -0.0001693909    0.0017301995
  -0.0000151037    0.0000206556    0.0000154559
   0.0011026575   -0.0009302267   -0.0005856851
   0.0000166151    0.0002135066    0.0001479579
  -0.0000033800   -0.0000452514    0.0000015823
  -0.0001092304    0.0001231035    0.0000865329
   0.0000433518    0.0003449642   -0.0000179437
  -0.0000178706   -0.0000222451   -0.0000063077
   0.0001154246    0.0001166384   -0.0000964335
  -0.0003629335   -0.0000997263    0.0000787238
   0.0000113697    0.0000414589   -0.0000269320
   0.0002716081   -0.0003933656    0.0002342631
  -0.0000653053    0.0001583817   -0.0000754839
  -0.0000065531   -0.0000405146   -0.0000228401
  -0.0001285476   -0.0000483740   -0.0000252444
   0.0000475881    0.0002074961   -0.0000416164
  -0.0000100008   -0.0000237419   -0.0000082219
   0.0001390068   -0.0000371249    0.0000027856
  -0.0777400777   -0.0495812427   -0.0627121004
   0.0000861456    0.0000652347   -0.0035190411
   0.0000730606    0.0000355365   -0.0035042778
  -0.0000457419    0.0001161858   -0.0035180319
  -0.0000664969    0.0000151089   -0.0035407506
   0.0000456718   -0.0000094912   -0.0035060499
   0.0002979550    0.0000997439   -0.0035067438
   0.0000461278   -0.0000136957   -0.0035164256
  -0.0000468749    0.0000390280   -0.0035756096
   0.0002810050    0.0001249985   -0.0027587401
  -0.0001004834   -0.0000351848   -0.0034652660
  -0.0000607450    0.0000071999   -0.0035065140
   0.0000944412    0.0000876695   -0.0035115536
  -0.0000094902    0.0000074856   -0.0034948784
   0.0000362416   -0.0000346843   -0.0034944453
   0.0001499149    0.0001137464   -0.0034594273
   0.0000367971   -0.0000313860   -0.0034995644
  -0.0000090062    0.0000031300   -0.0034978098
   0.0002765190    0.0001384050   -0.0027668026
  -0.0000426739    0.0001361993   -0.0034472586
  -0.0000568027    0.0000489220   -0.0035259667
   0.0001216323   -0.0000412562   -0.0034417987
   0.0000094079    0.0000219254   -0.0034769838
   0.0000425586   -0.0000173669   -0.0034966786
   0.0000275462   -0.0000556223   -0.0035315499
   0.0000389755   -0.0000150439   -0.0034974052
   0.0000011671    0.0000168188   -0.0035149966
   0.0010645184    0.0000809720    0.0060238038
   0.0000199101    0.0000126138    0.0035024729
  -0.0002333765   -0.0013283017    0.0039122045
   0.0017691860    0.0006803097    0.0047251105
   0.0000198151    0.0000151722    0.0034985318
   0.0005218982    0.0006091590    0.0026737256
  -0.0000390210   -0.0000611593    0.0034970357
  -0.0000140768   -0.0000071090    0.0035027821
  -0.0000377072   -0.0000565822    0.0035042828
   0.0001015687   -0.0000143627    0.0034496033
   0.0000047458    0.0000110757    0.0034976135
   0.0001096383    0.0000422597    0.0034396176
   0.0001124342    0.0000396499    0.0034732083
   0.0000029410    0.0000055880    0.0034859907
   0.0000722806    0.0000173728    0.0034524052
  -0.0000418585   -0.0000407075    0.0034861984
  -0.0000117783   -0.0000076581    0.0034977820
  -0.0000403147   -0.0000354747    0.0034981072
  -0.0001746783    0.0002607155    0.0035776328
   0.0000126926    0.0000083948    0.0034996112
  -0.0002497290   -0.0002833992    0.0035115137
   0.0002424198    0.0001538261    0.0034967091
   0.0000109115    0.0000151237    0.0034999828
   0.0002607632   -0.0001172186    0.0034392950
  -0.0000319747   -0.0000551379    0.0034998880
  -0.0000110074   -0.0000085825    0.0034996897
  -0.0000361843   -0.0000543553    0.0034994813
   0.0516411576    0.0458590301    0.0565019593
   0.0005263684    0.0005571667   -0.0002782428
   0.0003825237    0.0006223405   -0.0002447798
   0.0004103006    0.0004894995   -0.0003089277
   0.0004061834    0.0005207496   -0.0003028505
   0.0005175816    0.0005086874   -0.0002883985
   0.0005738054    0.0002668475   -0.0003523008
   0.0005212193    0.0004562593   -0.0003062744
   0.0005734928    0.0005231434   -0.0002183428
   0.0005015800    0.0008197087   -0.0004245752
   0.0005048208    0.0005441791   -0.0002615190
   0.0004636606    0.0005828247   -0.0003519917
   0.0004300171    0.0005350220   -0.0003531138
   0.0004389027    0.0005379365   -0.0003011203
   0.0004558158    0.0005224796   -0.0003030324
   0.0006794769    0.0000666276   -0.0000986935
   0.0004975347    0.0004752492   -0.0002765318
   0.0004688394    0.0004455214   -0.0002730170
   0.0010388296    0.0007807201   -0.0018569934
   0.0005332869    0.0005347061   -0.0002796825
   0.0003761451    0.0005521890   -0.0003429029
   0.0004418347    0.0005006141   -0.0003024673
   0.0004381066    0.0005280362   -0.0003102198
   0.0005139548    0.0005074925   -0.0002799701
   0.0005194258    0.0003505270   -0.0004102344
   0.0005101422    0.0004558521   -0.0002996523
   0.0004817843    0.0004935827   -0.0003120417
  -0.0006448498   -0.0003596787   -0.0003691120
  -0.0004135662   -0.0004392223   -0.0003226788
   0.0140780330    0.0079272233    0.0010926646
  -0.0004403910   -0.0004745554   -0.0002397900
  -0.0004549020   -0.0005463218   -0.0002681877
  -0.0004218819   -0.0007509970   -0.0002592249
  -0.0004971222   -0.0004540424   -0.0002861629
  -0.0005669456   -0.0004357908   -0.0002503695
  -0.0005975842   -0.0004365846   -0.0002911416
  -0.0003190793   -0.0005174237   -0.0002143415
  -0.0004831134   -0.0004498628   -0.0003246924
  -0.0002680188    0.0000638422   -0.0009955768
  -0.0005091110   -0.0005120233   -0.0002661025
  -0.0005002901   -0.0005037914   -0.0003089382
  -0.0004567871   -0.0007015127   -0.0004891608
  -0.0005160603   -0.0004675696   -0.0002654935
  -0.0005670943   -0.0004518032   -0.0002762298
  -0.0005846260   -0.0004376048   -0.0002389911
  -0.0006872451   -0.0004041772   -0.0000350500
  -0.0004807732   -0.0004403276   -0.0002837049
   0.0004926110    0.0002545851   -0.0003056398
  -0.0004869337   -0.0004747244   -0.0002678030
  -0.0004890660   -0.0005190103   -0.0002753758
  -0.0004508793   -0.0006965601    0.0000375921
  -0.0004785018   -0.0004770720   -0.0002969478
  -0.0005607616   -0.0004569585   -0.0002834414
  -0.0005626538   -0.0004840706   -0.0002663963
  -0.0003923570   -0.0001861220    0.0002520723
   0.0005159878   -0.0004697618    0.0003000707
   0.0007353174   -0.0017380373    0.0005188184
   0.0004945073   -0.0005798479    0.0002637579
   0.0005480106   -0.0005012655    0.0002762811
   0.0005191372   -0.0005762543    0.0002682250
   0.0004680826   -0.0002509055   -0.0001543110
   0.0005075244   -0.0004670385    0.0002990823
   0.0002028879   -0.0003058743    0.0003229085
   0.0004629067   -0.0004318940    0.0002350083
   0.0004799605   -0.0005133584    0.0002687988
   0.0005329894   -0.0003593947    0.0002139501
   0.0005087514   -0.0005590571    0.0002428078
   0.0005448998   -0.0004961247    0.0002849202
   0.0005829637   -0.0005340557    0.0002683118
   0.0005397198   -0.0005103491    0.0004967535
   0.0005364765   -0.0004574654    0.0002820153
   0.0004341923   -0.0005278523    0.0003893517
   0.0002972461   -0.0004891387    0.0005810096
   0.0005056751   -0.0004837902    0.0003145136
   0.0007730593   -0.0005398040    0.0008449501
   0.0005031750   -0.0005583711    0.0002952817
   0.0005394017   -0.0004957861    0.0002860044
   0.0004943777   -0.0005643013    0.0002875764
   0.0007054563   -0.0006035010    0.0001930994
   0.0004917885   -0.0004738301    0.0002906758
   0.0003927628   -0.0006027437    0.0002949045
  -0.0010237946    0.0000264817   -0.0025162229
  -0.0004753181    0.0005131182    0.0002689855
  -0.0002651787    0.0011653814   -0.0001607445
  -0.0011618188   -0.0004342297   -0.0002340321
  -0.0004848140    0.0004993810    0.0002812328
  -0.0001753738    0.0003806361    0.0005622568
  -0.0004796973    0.0003987522    0.0002979026
  -0.0004555912    0.0004867015    0.0002992837
  -0.0004833331    0.0004006799    0.0003217761
  -0.0004081606    0.0005647556    0.0002551405
  -0.0005114248    0.0004619621    0.0003272316
  -0.0006038335    0.0005494854    0.0003005353
  -0.0005712607    0.0005098379    0.0001550030
  -0.0004950175    0.0005081159    0.0002850938
  -0.0004444143    0.0005010218    0.0001282520
  -0.0004203763    0.0004200462    0.0003394002
  -0.0004539868    0.0004869842    0.0002975901
  -0.0004654311    0.0004737774    0.0003179263
  -0.0004623000    0.0006811678    0.0002870588
  -0.0004858636    0.0004991231    0.0002789702
  -0.0006097909    0.0005247520    0.0003008829
  -0.0006326794    0.0003010076    0.0005812700
  -0.0005015884    0.0005023953    0.0002992941
  -0.0003432260    0.0004191842    0.0003994175
  -0.0004990099    0.0004183291    0.0003039393
  -0.0004545208    0.0004856094    0.0003000195
  -0.0004922810    0.0004085544    0.0003008310

55   
 -0.0085622777613641   0.0000000000000000  -0.0051659848564674
  -0.0001901120    0.0002073198   -0.0004882869
   0.0000240178   -0.0000183827    0.0001156653
  -0.0002212237    0.0001658945   -0.0000442526
   0.0006013281    0.0016055527    0.0014309736
  -0.0000973997   -0.0001107098   -0.0000546022
   0.0002615577    0.0001980107    0.0001752656
  -0.0000478562    0.0000365215    0.0000270642
   0.0000031792    0.0000874153    0.0000165114
  -0.0000206895    0.0001020840    0.0000173734
   0.0012585591   -0.0008782722    0.0008260624
   0.0002126564   -0.0000377153    0.0000568880
  -0.0003143468    0.0001423158    0.0000577106
   0.0005166150   -0.0017761846   -0.0019733749
  -0.0000275228   -0.0001193467   -0.0001080851
   0.0004218900    0.0001746661   -0.0001289456
  -0.0000587116    0.0001907169   -0.0000140157
  -0.0000160560    0.0000814340   -0.0000027457
  -0.0000202054    0.0000955984    0.0000100960
   0.0000820772   -0.0002596024   -0.0001631180
  -0.0000150202   -0.0000277466    0.0000650391
  -0.0001355733    0.0000959183    0.0000055048
  -0.0002207058    0.0003785480   -0.0001602049
   0.0000404261   -0.0000932765    0.0000682373
   0.0001627841    0.0001554740    0.0000030185
  -0.0000366561    0.0001093915    0.0000283997
  -0.0000168832    0.0000830149    0.0000159106
  -0.0000139675    0.0000881436    0.0000155684
  -0.0023749805    0.0023394130    0.0010251026
   0.0000102896   -0.0000095552    0.0000028931
  -0.0038911310    0.0015136364   -0.0001493848
  -0.0002406593   -0.0001850054    0.0001256129
  -0.0000302191    0.0000168652    0.0000067610
  -0.0000523881   -0.0003385207    0.0000650049
   0.0001678540   -0.0000809252   -0.0000302895
  -0.0000154990    0.0000054204   -0.0000202240
   0.0000238506   -0.0003064424   -0.0000597124
  -0.0019819892    0.0001657079   -0.0017325016
  -0.0000134898   -0.0000259836   -0.0000365052
  -0.0010869796    0.0009114164    0.0005504746
  -0.0002047391   -0.0000534809   -0.0001715266
  -0.0000248645    0.0000168004   -0.0000242402
  -0.0000753826   -0.0003392091   -0.0001095560
   0.0001414983   -0.0001444435   -0.0000087288
  -0.0000100300    0.0000252347   -0.0000168665
   0.0000754368   -0.0002986685    0.0000721242
   0.0003601925    0.0000935413   -0.0001066041
  -0.0000358594   -0.0000454399    0.0000029304
  -0.0002769857    0.0003920877   -0.0002632386
  -0.0001346733    0.0000044063    0.0000509820
  -0.0000217549    0.0000121829   -0.0000005174
  -0.0000555754   -0.0001666488    0.0000015054
   0.0001369560   -0.0000152928    0.0000164098
  -0.0000181848    0.0000266497   -0.0000154453
   0.0000521519   -0.0001474784   -0.0000261454
   0.0760756777    0.0469864510    0.0538530261
  -0.0000826943   -0.0000476728   -0.0034809450
  -0.0000767267   -0.0000479797   -0.0034954355
  -0.0003144208   -0.0001062080   -0.0034827139
   0.0000746442   -0.0000106794   -0.0034597581
  -0.0000309312    0.0000025429   -0.0034938011
   0.0000673577   -0.0001032737   -0.0034935106
  -0.0000568815    0.0000243846   -0.0034832375
   0.0000420192   -0.0000398706   -0.0034262205
  -0.0002769732   -0.0001247119   -0.0042583442
   0.0000994494    0.0000522520   -0.0035339256
   0.0000621857   -0.0000124291   -0.0034929360
  -0.0000794527   -0.0000857732   -0.0034887607
   0.0000109068   -0.0000056008   -0.0035051547
  -0.0000343943    0.0000366170   -0.0035059264
  -0.0001589260   -0.0001122598   -0.0035402353
  -0.0000342016    0.0000321236   -0.0035006456
   0.0000104044   -0.0000017029   -0.0035022024
  -0.0002754039   -0.0001248945   -0.0042465814
   0.0000551180   -0.0001173037   -0.0035525775
   0.0000585735   -0.0000574301   -0.0034754032
  -0.0001025899    0.0000423841   -0.0035579269
  -0.0000047290   -0.0000193767   -0.0035235896
  -0.0000405643    0.0000192514   -0.0035034688
  -0.0000379325    0.0000576377   -0.0034691454
  -0.0000372556    0.0000168351   -0.0035028686
   0.0000005173   -0.0000151864   -0.0034851019
  -0.0009844447   -0.0001374983    0.0010449554
  -0.0000181109   -0.0000106349    0.0034968137
   0.0002315995    0.0013199775    0.0030880892
  -0.0017919483   -0.0006747432    0.0022687698
  -0.0000179811   -0.0000133620    0.0035008248
  -0.0005476418   -0.0005836474    0.0043346059
   0.0000403231    0.0000620640    0.0035021885
   0.0000156086    0.0000087743    0.0034965027
   0.0000393767    0.0000580843    0.0034951309
  -0.0000928692    0.0000000120    0.0035458808
  -0.0000023264   -0.0000087826    0.0035019338
  -0.0000997017   -0.0000309739    0.0035593516
  -0.0001187660   -0.0000461880    0.0035253578
  -0.0000010436   -0.0000040969    0.0035132728
  -0.0000787817   -0.0000071817    0.0035459015
   0.0000436455    0.0000419898    0.0035133701
   0.0000133669    0.0000093076    0.0035017468
   0.0000420702    0.0000369834    0.0035013828
  -0.0002136753    0.0001118638    0.0034317083
  -0.0000109045   -0.0000143946    0.0034998852
  -0.0002065606   -0.0000779247    0.0034884772
   0.0001410060    0.0002152137    0.0035045350
  -0.0000093346   -0.0000055006    0.0034995329
   0.0002111061   -0.0002490720    0.0035648130
   0.0000401091    0.0000562655    0.0034994807
   0.0000126436    0.0000100192    0.0034998890
   0.0000300779    0.0000558360    0.0034999800
  -0.0489041980   -0.0423482796   -0.0551335007
   0.0004694816    0.0004251939   -0.0003045534
   0.0006112765    0.0003613611   -0.0003381946
   0.0005847451    0.0004922225   -0.0002741881
   0.0005890092    0.0004613707   -0.0002801290
   0.0004772316    0.0004740728   -0.0002945317
   0.0004227999    0.0007158609   -0.0002304501
   0.0004760473    0.0005236547   -0.0002773853
   0.0004260516    0.0004579206   -0.0003630009
   0.0004964540    0.0001634449   -0.0001514682
   0.0004862743    0.0004326700   -0.0003176654
   0.0005296180    0.0004004182   -0.0002278628
   0.0005632137    0.0004484729   -0.0002316957
   0.0005561683    0.0004440673   -0.0002812800
   0.0005394965    0.0004596738   -0.0002794346
   0.0003126153    0.0009177099   -0.0004826019
   0.0004982151    0.0005059411   -0.0003055107
   0.0005261416    0.0005357799   -0.0003085011
  -0.0000494431    0.0002007296    0.0012740363
   0.0004619265    0.0004472269   -0.0003030892
   0.0006180484    0.0004298430   -0.0002438834
   0.0005604264    0.0004749918   -0.0002850313
   0.0005573039    0.0004535613   -0.0002732077
   0.0004820496    0.0004740483   -0.0003026130
   0.0004751684    0.0006321215   -0.0001724793
   0.0004851723    0.0005260330   -0.0002831971
   0.0005139016    0.0004879948   -0.0002709385
  -0.0003473311   -0.0006189871   -0.0002164988
  -0.0005781277   -0.0005376734   -0.0002600126
  -0.0150156605   -0.0088104840   -0.0016921050
  -0.0005548704   -0.0005029663   -0.0003422795
  -0.0005366776   -0.0004321813   -0.0003146297
  -0.0005688872   -0.0002308586   -0.0003248623
  -0.0004931204   -0.0005254047   -0.0002971159
  -0.0004265767   -0.0005410900   -0.0003317988
  -0.0003956072   -0.0005401959   -0.0002918019
  -0.0006746750   -0.0004647009   -0.0003688204
  -0.0005101681   -0.0005267621   -0.0002571435
  -0.0007268297   -0.0010440539    0.0004160129
  -0.0004842809   -0.0004647238   -0.0003139106
  -0.0004925957   -0.0004730147   -0.0002739839
  -0.0005344164   -0.0002782445   -0.0000947741
  -0.0004758127   -0.0005103379   -0.0003165622
  -0.0004254172   -0.0005258134   -0.0003061155
  -0.0004093709   -0.0005392472   -0.0003435745
  -0.0003086625   -0.0005720763   -0.0005448481
  -0.0005103612   -0.0005380421   -0.0002989486
  -0.0015123584   -0.0012420113   -0.0002888340
  -0.0004979522   -0.0005081122   -0.0003096977
  -0.0005024207   -0.0004593345   -0.0003071579
  -0.0005402411   -0.0002840116   -0.0006151523
  -0.0005141083   -0.0005003597   -0.0002859594
  -0.0004313172   -0.0005207847   -0.0002998167
  -0.0004294053   -0.0004936716   -0.0003165020
   0.0013738523   -0.0007934872    0.0003261137
   0.0004791515   -0.0005087693    0.0002819543
   0.0002561731    0.0007421606    0.0000607175
   0.0005016223   -0.0003990037    0.0003177999
   0.0004478873   -0.0004768597    0.0003054915
   0.0004769859   -0.0004018152    0.0003133371
   0.0005357949   -0.0007314032    0.0007294666
   0.0004883567   -0.0005108566    0.0002826832
   0.0007882927   -0.0006671532    0.0002620943
   0.0005319881   -0.0005447254    0.0003483463
   0.0005164424   -0.0004659751    0.0003138811
   0.0004638883   -0.0006183667    0.0003698894
   0.0004869091   -0.0004207697    0.0003407160
   0.0004508004   -0.0004819319    0.0002970636
   0.0004133812   -0.0004441885    0.0003134105
   0.0004591246   -0.0004641995    0.0000961700
   0.0004593250   -0.0005204633    0.0003001478
   0.0005626375   -0.0004491146    0.0001950770
   0.0006940781   -0.0004901852    0.0000027855
   0.0004895851   -0.0004941298    0.0002674444
   0.0002273049   -0.0004384931   -0.0002674973
   0.0004939317   -0.0004148697    0.0002889243
   0.0004562748   -0.0004820952    0.0002957521
   0.0005013435   -0.0004138033    0.0002940551
   0.0002898886   -0.0003679314    0.0003878936
   0.0005039133   -0.0005038537    0.0002911164
   0.0006041664   -0.0003727598    0.0002865832
  -0.0000134734    0.0010140549    0.0030252170
  -0.0005163087    0.0004687344    0.0003126101
  -0.0007125985   -0.0001906954    0.0007472339
   0.0001791254    0.0014220897    0.0008192522
  -0.0005071580    0.0004822664    0.0003004346
  -0.0008169485    0.0006037729    0.0000190437
  -0.0005124441    0.0005817606    0.0002838735
  -0.0005357436    0.0004945057    0.0002829247
  -0.0005084339    0.0005807379    0.0002602714
  -0.0005880659    0.0004188904    0.0003288000
  -0.0004795545    0.0005214665    0.0002557032
  -0.0003868929    0.0004321641    0.0002841804
  -0.0004206891    0.0004703036    0.0004263008
  -0.0004972401    0.0004737842    0.0002965820
  -0.0005460119    0.0004808068    0.0004557095
  -0.0005715762    0.0005616087    0.0002433316
  -0.0005375226    0.0004944554    0.0002845694
  -0.0005265513    0.0005070922    0.0002643864
  -0.0005392674    0.0003137574    0.0002967505
  -0.0005059359    0.0004826348    0.0003025403
  -0.0003810236    0.0004542670    0.0002792079
  -0.0003614630    0.0006815165    0.0000003024
  -0.0004907895    0.0004793802    0.0002824701
  -0.0006498814    0.0005580761    0.0001824631
  -0.0004931894    0.0005625357    0.0002779780
  -0.0005366063    0.0004959661    0.0002817850
  -0.0004994237    0.0005725806    0.0002809503

109  
  0.0100000000000000   0.0000000000000000   0.0000000000000000
   0.0007550909    0.0008463982   -0.0003732686
  -0.0004260659    0.0001200872    0.0001785896
  -0.0002092778    0.0000696009   -0.0001147489
   0.0038137535   -0.0037976916    0.0038598402
  -0.0002743406   -0.0003682820   -0.0000040544
  -0.0002013419    0.0001347745   -0.0000707723
   0.0001003080    0.0000301581    0.0000171392
   0.0001140191   -0.0000121277    0.0000326197
   0.0000801780    0.0000024148   -0.0000081064
   0.0007701373   -0.0004805242    0.0002369570
  -0.0004415826    0.0001397183    0.0000377680
  -0.0002085874    0.0000784280    0.0001957574
   0.0037658971   -0.0023046624   -0.0014324308
  -0.0001016346   -0.0003897463   -0.0002010483
  -0.0002179741    0.0001123514    0.0001460016
   0.0001138904    0.0000035846    0.0000041470
   0.0001252160   -0.0000023569    0.0000084114
   0.0000576861    0.0000059887    0.0000276327
   0.0003710722   -0.0000238947    0.0000109633
  -0.0003086457    0.0002021993    0.0000426198
  -0.0000679808    0.0000281603   -0.0000117029
   0.0003232269   -0.0000057907   -0.0001152309
  -0.0000918629   -0.0003257810    0.0001151355
  -0.0001120199    0.0000996414   -0.0000132928
   0.0000706180    0.0000192618   -0.0000056633
   0.0000345220   -0.0000093129    0.0000238717
   0.0000596284    0.0000054531    0.0000072207
   0.0053902871   -0.0028783498   -0.0036459953
  -0.0002617691   -0.0000151690   -0.0000377960
  -0.0023527250    0.0004403938   -0.0015223509
  -0.0000187971   -0.0002015560   -0.0000616531
   0.0000518975    0.0000731613   -0.0000296389
  -0.0001305055    0.0000630326    0.0000722914
   0.0001780968    0.0002848509    0.0000237544
   0.0001193469   -0.0000306711   -0.0000221247
   0.0001248558   -0.0001581594   -0.0000449875
   0.0028206855   -0.0026857110    0.0022200773
  -0.0002006894    0.0000802206    0.0000190735
  -0.0007037565    0.0000942664    0.0007857358
  -0.0000649672    0.0000561046   -0.0002082578
   0.0000241102    0.0000807953   -0.0000066914
  -0.0001423025    0.0000685836    0.0001920275
   0.0001952222    0.0004158908   -0.0001524271
   0.0001108956   -0.0000500776   -0.0000000381
   0.0001051026   -0.0001574903    0.0000941712
   0.0003646663   -0.0001283239    0.0001230434
  -0.0001348726    0.0000606544    0.0000120411
  -0.0000375955   -0.0000744145   -0.0001507174
  -0.0000235230   -0.0000671660    0.0000061726
   0.0000495267    0.0000127582   -0.0000096104
  -0.0001297850    0.0000164875   -0.0000362922
   0.0001173333    0.0000614925   -0.0000127484
   0.0000968215   -0.0000430600   -0.0000092880
   0.0000177445   -0.0000238950   -0.0000123870
   0.0376307099    0.0302081234    0.0305424416
  -0.0001836301   -0.0005026938   -0.0034576411
   0.0001167869   -0.0001044861   -0.0035561947
  -0.0000985742    0.0001523829   -0.0034998162
   0.0000476726   -0.0000133098   -0.0034971746
   0.0000307684   -0.0000283599   -0.0035182495
  -0.0000522415    0.0000253165   -0.0034893078
  -0.0000082570   -0.0000556966   -0.0034847283
  -0.0000237574   -0.0000147305   -0.0035010558
   0.0010929666    0.0007980809   -0.0039394196
  -0.0002101933   -0.0004035814   -0.0034421116
   0.0000200180   -0.0000780467   -0.0034797715
  -0.0001645676    0.0000917273   -0.0035134610
  -0.0000319609   -0.0000053898   -0.0035167736
   0.0000310231   -0.0000394676   -0.0034925718
  -0.0000425922    0.0000386423   -0.0035092682
   0.0000287788   -0.0000450845   -0.0035069438
   0.0000060085    0.0000018291   -0.0034910252
   0.0001464810    0.0005010558   -0.0037161030
   0.0000803188   -0.0004290335   -0.0037198597
   0.0000561138   -0.0000792760   -0.0034841493
   0.0001275792    0.0000540186   -0.0033994363
  -0.0000543263   -0.0000158194   -0.0035117711
   0.0000214876   -0.0000306056   -0.0034937648
  -0.0000500813    0.0000647191   -0.0034870220
   0.0000172351   -0.0000394932   -0.0035015199
  -0.0000070482   -0.0000015886   -0.0034774008
  -0.0008041881   -0.0005813177    0.0031463117
   0.0000531270    0.0000485716    0.0035009342
   0.0001285713   -0.0001288827    0.0038454626
   0.0000933677    0.0012323358    0.0027971766
   0.0000792913    0.0000711407    0.0034981655
  -0.0003825055    0.0002507062    0.0045529387
  -0.0000365342   -0.0000325948    0.0035014556
   0.0000043044    0.0000202076    0.0034992866
  -0.0000285960   -0.0000303492    0.0035034871
  -0.0001032859   -0.0000387001    0.0035161502
   0.0000638689    0.0000497759    0.0034813021
   0.0000432264    0.0000312214    0.0034981864
   0.0000568095   -0.0001322081    0.0035559832
   0.0000664664    0.0000512729    0.0034936046
  -0.0001222321    0.0000786961    0.0034054304
  -0.0000098830   -0.0000125996    0.0035160304
   0.0000077226    0.0000174071    0.0034982372
  -0.0000109451   -0.0000139048    0.0034860850
  -0.0003959690   -0.0000050503    0.0034640966
   0.0000560994    0.0000432581    0.0034963271
   0.0002262680    0.0001374485    0.0034571957
   0.0004219992    0.0001503871    0.0032693333
   0.0000676855    0.0000765541    0.0035037540
  -0.0001899172   -0.0000391262    0.0035837446
  -0.0000301584   -0.0000220769    0.0034965759
   0.0000121306    0.0000169322    0.0034981233
  -0.0000297493   -0.0000130731    0.0034972439
  -0.0707051376   -0.0268846487   -0.0323875980
   0.0006844268    0.0005623119   -0.0001754986
   0.0007301341    0.0005031402   -0.0001950355
   0.0003647132    0.0005027993   -0.0003446480
   0.0004654098    0.0006284026   -0.0002778469
   0.0005779143    0.0004756634   -0.0002768632
   0.0003894079    0.0005503666   -0.0003341321
   0.0004701096    0.0004426388   -0.0002941445
   0.0005648146    0.0005284871   -0.0002241318
  -0.0001095866    0.0003773911   -0.0000750432
   0.0006020680    0.0005999384   -0.0002332423
   0.0005941271    0.0004343626   -0.0002910041
   0.0003907081    0.0004556829   -0.0003141182
   0.0004717523    0.0005435576   -0.0002753891
   0.0005532279    0.0004941671   -0.0002904373
   0.0003718040    0.0005940566   -0.0003403940
   0.0004876822    0.0004362792   -0.0002961676
   0.0005431698    0.0005132096   -0.0003095191
  -0.0001092342    0.0003728451   -0.0003415738
   0.0005317469    0.0006503147   -0.0002003168
   0.0006314805    0.0004399565   -0.0001196000
   0.0003607686    0.0004420499   -0.0003736905
   0.0004862981    0.0005847052   -0.0002728206
   0.0005505958    0.0004878911   -0.0002675974
   0.0004294596    0.0005465574   -0.0002692569
   0.0004760390    0.0004579736   -0.0003173439
   0.0005174566    0.0004864332   -0.0002779847
   0.0002150596   -0.0006982823   -0.0002278586
  -0.0002148207   -0.0004676651   -0.0003585633
   0.0078302898    0.0069603052   -0.0017024756
  -0.0006151036   -0.0003567345   -0.0003171769
  -0.0004504775   -0.0005479757   -0.0002874180
  -0.0004734519   -0.0006967254   -0.0003267035
  -0.0004194477   -0.0005595094   -0.0003100775
  -0.0005435319   -0.0003637322   -0.0003267889
  -0.0005642605   -0.0004905545   -0.0002440235
   0.0003378935   -0.0008307957    0.0002442844
  -0.0004394494   -0.0005067409   -0.0003599832
  -0.0006897061   -0.0001852832   -0.0006960334
  -0.0005165715   -0.0004435242   -0.0003070659
  -0.0004895436   -0.0005004518   -0.0003261974
  -0.0004699601   -0.0006924417   -0.0004046785
  -0.0004776176   -0.0005056440   -0.0002735997
  -0.0005443790   -0.0004099451   -0.0003129184
  -0.0005533554   -0.0004955664   -0.0002759003
   0.0003200744   -0.0006653834   -0.0012273774
  -0.0004653279   -0.0004924370   -0.0003139003
  -0.0006862821   -0.0001860968    0.0004294040
  -0.0005187733   -0.0004329970   -0.0003163285
  -0.0005008294   -0.0004830240   -0.0002786627
  -0.0004800197   -0.0008284879    0.0000823267
  -0.0004517334   -0.0005343090   -0.0003022302
  -0.0005519304   -0.0004081172   -0.0003064314
  -0.0005577531   -0.0004873653   -0.0002621982
   0.0038560411    0.0006597822    0.0001854489
   0.0006371756   -0.0004154407    0.0002714121
   0.0038040836   -0.0020026947   -0.0017463548
   0.0004718764   -0.0005058050    0.0002979906
   0.0004817914   -0.0005526799    0.0002716578
   0.0004841807   -0.0005220299    0.0002853964
   0.0005871879   -0.0009895777    0.0002499174
   0.0005183496   -0.0005729072    0.0002313829
   0.0005518233   -0.0003525732    0.0001895011
   0.0005221796   -0.0002823451    0.0005051559
   0.0005818444   -0.0004628150    0.0002496013
   0.0005202205   -0.0005621184    0.0001287431
   0.0004818467   -0.0004723128    0.0003219486
   0.0004744144   -0.0005454524    0.0002760002
   0.0005250138   -0.0005035121    0.0002918496
   0.0005126762   -0.0005309277    0.0003641663
   0.0005752097   -0.0005244452    0.0002324053
   0.0004609051   -0.0004630001    0.0002364570
   0.0007671267    0.0000477693   -0.0001205221
   0.0006059191   -0.0004567323    0.0003083644
   0.0007627326   -0.0007663508    0.0005736743
   0.0004754840   -0.0004982531    0.0002938841
   0.0004755555   -0.0005607388    0.0002812859
   0.0004989215   -0.0005062186    0.0002988347
   0.0004385168   -0.0006161710    0.0002254834
   0.0005600554   -0.0005313040    0.0002624460
   0.0003973021   -0.0004030460    0.0004213805
   0.0003615195   -0.0006455339    0.0016560332
  -0.0003763505    0.0005357227    0.0003471771
   0.0000538781    0.0009498953   -0.0000066295
   0.0003539760    0.0020247129    0.0010167905
  -0.0003783320    0.0004671259    0.0003282490
   0.0001347507    0.0002961741    0.0002815109
  -0.0005364305    0.0004459791    0.0002870877
  -0.0004686834    0.0004310296    0.0003073294
  -0.0005635910    0.0004134798    0.0002739123
  -0.0006911634    0.0002795377    0.0005277617
  -0.0003940153    0.0004738581    0.0003410660
  -0.0005075281    0.0005600255    0.0002038730
  -0.0006943120    0.0005654075    0.0001984219
  -0.0003844488    0.0005111527    0.0003089221
  -0.0004668581    0.0004252712    0.0003659196
  -0.0004740241    0.0005186569    0.0002794777
  -0.0004715771    0.0004529752    0.0002990260
  -0.0005237582    0.0004697734    0.0002760582
  -0.0006916229   -0.0000430453   -0.0000420475
  -0.0003935532    0.0004935380    0.0003260045
  -0.0004786579    0.0005954582    0.0005007771
  -0.0006985780    0.0007744430    0.0000899383
  -0.0003894728    0.0004918075    0.0003055420
  -0.0004157437    0.0003422843    0.0003558402
  -0.0005039001    0.0004905279    0.0002620361
  -0.0004614245    0.0004585351    0.0003033254
  -0.0005418072    0.0004480956    0.0003047979

109  
 -0.0100000000000000   0.0000000000000000   0.0000000000000000
  -0.0009689995   -0.0007959209    0.0001875953
   0.0001847619   -0.0003539668    0.0000529843
   0.0000196468    0.0001205227    0.0001386151
  -0.0037780720    0.0039025527   -0.0036990720
   0.0003166723    0.0001232282   -0.0001878048
   0.0003435082    0.0000474783    0.0000986923
   0.0000683519   -0.0000300034    0.0000063715
   0.0000687879    0.0000109397   -0.0000096688
  -0.0000406302   -0.0000029083    0.0000318589
  -0.0010025865    0.0005301242   -0.0004222490
   0.0001966544   -0.0003723069    0.0001958829
   0.0000287307    0.0001103845   -0.0001703042
  -0.0037137799    0.0023506454    0.0016839236
   0.0001419389    0.0001469964    0.0000253619
   0.0004091686    0.0000684516   -0.0001243986
   0.0000752402   -0.0000042049    0.0000209002
   0.0000579507    0.0000034105    0.0000166316
  -0.0000583689   -0.0000076347   -0.0000028275
  -0.0005594246    0.0001746483    0.0000133372
   0.0001122759   -0.0003851381   -0.0000178961
   0.0000300020    0.0000148712    0.0000348843
  -0.0003211885   -0.0000022282    0.0001411977
   0.0002361976    0.0001258035   -0.0000901870
   0.0001523698    0.0000819601    0.0000377291
   0.0001188149   -0.0000225164    0.0000307158
  -0.0000012594    0.0000080507    0.0000015810
  -0.0000597900   -0.0000065782    0.0000168893
  -0.0052002398    0.0028037355    0.0036578499
   0.0002718690    0.0000064573    0.0000128098
   0.0024118465   -0.0004999697    0.0012897738
  -0.0002213017    0.0002249304   -0.0001740267
  -0.0000980472    0.0000879986    0.0000075870
  -0.0001050154   -0.0003266917    0.0001143007
   0.0000048212   -0.0001127895   -0.0000481251
  -0.0001466372    0.0000535988   -0.0000028134
   0.0000656097   -0.0000254437    0.0000216491
  -0.0026875734    0.0026617388   -0.0019004539
   0.0002150839    0.0000606967   -0.0000415838
   0.0007544845   -0.0002934243   -0.0010194305
  -0.0001721990   -0.0000418064   -0.0000203841
  -0.0000979648    0.0000801587   -0.0000183031
  -0.0000961511   -0.0003337397   -0.0000079690
  -0.0000127929   -0.0002229197    0.0001296256
  -0.0001391787    0.0000532218   -0.0000228228
   0.0000851727   -0.0000256298   -0.0001169966
  -0.0003638378    0.0001233408   -0.0001454340
   0.0001048389    0.0001246199   -0.0000341474
   0.0001848859   -0.0001191848    0.0001290404
  -0.0001701476    0.0001823712   -0.0000295008
  -0.0000776796    0.0000007031   -0.0000135190
  -0.0000563788   -0.0002332708    0.0000142205
   0.0000654175   -0.0000570828   -0.0000100606
  -0.0001251560    0.0000461738   -0.0000138689
   0.0000265680    0.0000275931   -0.0000107437
  -0.0379824396   -0.0310297336   -0.0386135293
   0.0001834006    0.0000509380   -0.0035432174
  -0.0001247447    0.0000993933   -0.0034431331
  -0.0002719787   -0.0001514895   -0.0035002243
  -0.0000319370    0.0000283093   -0.0035075040
  -0.0000281498    0.0000198598   -0.0034802725
   0.0000426344   -0.0000235758   -0.0035107979
   0.0000027201    0.0000529715   -0.0035152429
   0.0000256511    0.0000160614   -0.0034993688
  -0.0007157736   -0.0004025871   -0.0030499634
   0.0002088277    0.0000165371   -0.0035568194
  -0.0000167582    0.0000748310   -0.0035203411
  -0.0002023443   -0.0000792291   -0.0034880221
   0.0000420175    0.0000056987   -0.0034829928
  -0.0000290015    0.0000337801   -0.0035081457
   0.0000374795   -0.0000365935   -0.0034909849
  -0.0000347392    0.0000466229   -0.0034933677
  -0.0000041226    0.0000001531   -0.0035090267
  -0.0001428350   -0.0005214533   -0.0032811403
  -0.0000789493    0.0004523573   -0.0032820873
  -0.0000465893    0.0000678011   -0.0035160955
  -0.0001203942   -0.0000510465   -0.0035998959
   0.0000510234    0.0000146441   -0.0034882011
  -0.0000197679    0.0000324272   -0.0035064589
   0.0000448944   -0.0000630473   -0.0035130152
  -0.0000152207    0.0000410387   -0.0034985524
   0.0000085958    0.0000031169   -0.0035226918
   0.0003420514    0.0005748573    0.0038639156
  -0.0000502009   -0.0000538594    0.0034985327
  -0.0001139915    0.0001413124    0.0031536614
   0.0004018928   -0.0007610624    0.0042287517
  -0.0000687865   -0.0000830954    0.0035016627
   0.0003645052   -0.0006237081    0.0024229404
   0.0000258849    0.0000314371    0.0034985606
  -0.0000044955   -0.0000187498    0.0034996231
   0.0000224725    0.0000322130    0.0034958384
   0.0001292372    0.0000343761    0.0034835548
  -0.0000624096   -0.0000473430    0.0035187640
  -0.0000329974   -0.0000228326    0.0035002033
  -0.0000777824    0.0001115468    0.0034434355
  -0.0000648290   -0.0000498883    0.0035057504
   0.0001156775   -0.0000551754    0.0035939202
   0.0000114880    0.0000158207    0.0034833783
  -0.0000058601   -0.0000157710    0.0035014472
   0.0000123640    0.0000156526    0.0035138910
  -0.0000744730    0.0000033122    0.0035351626
  -0.0000542636   -0.0000479072    0.0035026379
  -0.0002118755   -0.0001230005    0.0035414748
   0.0000596506    0.0003199058    0.0037225358
  -0.0000673120   -0.0000853492    0.0034963081
   0.0001888134   -0.0004225055    0.0034164917
   0.0000230227    0.0000234701    0.0035021331
  -0.0000108023   -0.0000150860    0.0035024275
   0.0000236937    0.0000148120    0.0035023687
   0.0722963852    0.0292562559    0.0330030502
   0.0003092577    0.0004205254   -0.0004051955
   0.0002638416    0.0004780622   -0.0003880137
   0.0006310483    0.0004775877   -0.0002382935
   0.0005279341    0.0003576864   -0.0003021566
   0.0004195879    0.0005038491   -0.0003058977
   0.0006061701    0.0004311520   -0.0002483638
   0.0005203572    0.0005433959   -0.0002886507
   0.0004309936    0.0004532361   -0.0003583536
   0.0011041651    0.0006109243   -0.0005068602
   0.0003931919    0.0003842274   -0.0003494450
   0.0004022931    0.0005447238   -0.0002930805
   0.0005998548    0.0005274205   -0.0002712737
   0.0005249844    0.0004403768   -0.0003086059
   0.0004428311    0.0004874760   -0.0002917036
   0.0006218800    0.0003888933   -0.0002424709
   0.0005079543    0.0005447754   -0.0002866018
   0.0004515604    0.0004716815   -0.0002719260
   0.0011054289    0.0006125944   -0.0002295032
   0.0004657717    0.0003311629   -0.0003818705
   0.0003633764    0.0005423137   -0.0004609077
   0.0006345326    0.0005395357   -0.0002090315
   0.0005086122    0.0003973158   -0.0003107207
   0.0004453552    0.0004934199   -0.0003149392
   0.0005659797    0.0004349840   -0.0003137999
   0.0005196503    0.0005230812   -0.0002655141
   0.0004786104    0.0004948503   -0.0003045525
  -0.0012043109   -0.0002788978   -0.0003545591
  -0.0007760684   -0.0005145901   -0.0002244549
  -0.0088694516   -0.0079919051    0.0010468836
  -0.0003864022   -0.0006240646   -0.0002584137
  -0.0005461082   -0.0004255636   -0.0002995925
  -0.0005164063   -0.0002865797   -0.0002532450
  -0.0005716461   -0.0004171004   -0.0002720644
  -0.0004480215   -0.0006144048   -0.0002555290
  -0.0004281254   -0.0004876239   -0.0003382243
  -0.0013193839   -0.0001513040   -0.0008208274
  -0.0005519852   -0.0004709722   -0.0002221033
  -0.0003048824   -0.0007960911    0.0001117897
  -0.0004778440   -0.0005308725   -0.0002724140
  -0.0005022390   -0.0004766579   -0.0002557870
  -0.0005162412   -0.0002983145   -0.0001882505
  -0.0005144264   -0.0004726864   -0.0003085250
  -0.0004475109   -0.0005678330   -0.0002694456
  -0.0004384155   -0.0004823052   -0.0003067649
  -0.0013063073   -0.0003124741    0.0006395984
  -0.0005275317   -0.0004841480   -0.0002701818
  -0.0003065417   -0.0007890746   -0.0010215816
  -0.0004738694   -0.0005446348   -0.0002658287
  -0.0004908719   -0.0004959944   -0.0003036838
  -0.0005101461   -0.0001518029   -0.0006636607
  -0.0005401819   -0.0004437203   -0.0002803440
  -0.0004401485   -0.0005695008   -0.0002762333
  -0.0004340208   -0.0004907631   -0.0003200409
  -0.0028185567   -0.0016486582    0.0003704521
   0.0003562274   -0.0005592769    0.0003067081
  -0.0028648614    0.0010749156    0.0023797841
   0.0005241188   -0.0004714530    0.0002843472
   0.0005116868   -0.0004306305    0.0003094962
   0.0005119689   -0.0004557059    0.0002965284
   0.0004070636    0.0000111066    0.0003306632
   0.0004766983   -0.0004055650    0.0003506521
   0.0004378466   -0.0006271123    0.0003956829
   0.0004739095   -0.0006935882    0.0000786090
   0.0004125215   -0.0005145046    0.0003331351
   0.0004801471   -0.0004120350    0.0004549349
   0.0005174170   -0.0005011684    0.0002569810
   0.0005209612   -0.0004328107    0.0003062269
   0.0004717470   -0.0004747306    0.0002897887
   0.0004825135   -0.0004468244    0.0002187834
   0.0004152082   -0.0004576712    0.0003485444
   0.0005349258   -0.0005150124    0.0003456450
   0.0002304651   -0.0010210465    0.0007001144
   0.0003893406   -0.0005223876    0.0002724631
   0.0002340833   -0.0002107440    0.0000081513
   0.0005198296   -0.0004801712    0.0002879040
   0.0005195060   -0.0004172984    0.0003010090
   0.0004967199   -0.0004719088    0.0002827620
   0.0005569171   -0.0003633168    0.0003560084
   0.0004357899   -0.0004463221    0.0003192874
   0.0005974189   -0.0005735411    0.0001615213
  -0.0013631325    0.0016361669   -0.0010877389
  -0.0006147356    0.0004466002    0.0002353919
  -0.0010414568    0.0000296208    0.0005896664
  -0.0013441955   -0.0010677518   -0.0004139389
  -0.0006070167    0.0005221907    0.0002585209
  -0.0011460932    0.0006931853    0.0003029749
  -0.0004556194    0.0005357510    0.0002952501
  -0.0005239955    0.0005498639    0.0002740627
  -0.0004286666    0.0005678678    0.0003084447
  -0.0003030232    0.0007008094    0.0000545385
  -0.0005977775    0.0005075715    0.0002413726
  -0.0004911877    0.0004175418    0.0003794900
  -0.0002957726    0.0004219956    0.0003835882
  -0.0006077681    0.0004695513    0.0002717901
  -0.0005258049    0.0005569692    0.0002163694
  -0.0005173750    0.0004627591    0.0003026391
  -0.0005194953    0.0005288749    0.0002826745
  -0.0004680922    0.0005112347    0.0003065323
  -0.0003024101    0.0010234956    0.0006239050
  -0.0005980088    0.0004883632    0.0002583225
  -0.0005090202    0.0003868589    0.0000812649
  -0.0002928202    0.0002104678    0.0004930428
  -0.0006072666    0.0004861508    0.0002753056
  -0.0005742420    0.0006389597    0.0002263788
  -0.0004884288    0.0004909392    0.0003200977
  -0.0005298713    0.0005235017    0.0002790934
  -0.0004503003    0.0005330799    0.0002772459

109  
  0.0000000000000000   0.0000000000000000   0.0100000000000000
  -0.0000250156   -0.0014124711   -0.0001138981
  -0.0000581927   -0.0001403384    0.0002892471
  -0.0001176556    0.0001169636    0.0000278240
   0.0035693440   -0.0041089620    0.0065579453
   0.0000094815   -0.0001308236    0.0002946639
   0.0000449013    0.0001284040    0.0001279768
   0.0000848916   -0.0000342248    0.0000733211
   0.0000951934    0.0000064987    0.0000549632
   0.0000031444    0.0000331548    0.0000340784
   0.0004425047    0.0001915512    0.0004563291
  -0.0002505822   -0.0000010308    0.0002108953
  -0.0001651106    0.0001172113    0.0001156283
  -0.0018102291    0.0017552989    0.0027842984
   0.0000161676   -0.0003566879   -0.0001424616
   0.0001801797    0.0001298719   -0.0000182819
   0.0000713799   -0.0000504682    0.0000580657
   0.0000998455    0.0000069314    0.0000110886
  -0.0000040535    0.0000294765    0.0000296624
  -0.0000869325   -0.0001477331   -0.0006836728
  -0.0001222243   -0.0000748196   -0.0002568651
  -0.0000314317    0.0000956557   -0.0000813280
   0.0000099913    0.0001274509   -0.0010509391
   0.0000700887   -0.0000881825   -0.0002191749
   0.0000127068    0.0000971359   -0.0001018960
   0.0000939869    0.0000183729   -0.0001019434
   0.0000282342    0.0000096395   -0.0000310213
   0.0000022293    0.0000165778   -0.0000268957
  -0.0041079008    0.0035662161    0.0065342859
  -0.0000478352    0.0000813179    0.0000491394
  -0.0014120421   -0.0000279682   -0.0001375718
  -0.0001295331   -0.0000006375    0.0002709046
  -0.0000069748    0.0000844396    0.0000311022
  -0.0001394140   -0.0000685792    0.0002657289
   0.0001296034    0.0000465433    0.0001039654
   0.0000196970    0.0000056565    0.0000101619
   0.0001178132   -0.0001153824    0.0000043089
   0.0017564269   -0.0018135489    0.0027604758
  -0.0000640076    0.0000680651    0.0000345311
   0.0001925069    0.0004392407    0.0004326204
  -0.0003552104    0.0000056978   -0.0001660878
  -0.0000066398    0.0000890145   -0.0000127179
  -0.0000001843   -0.0002610510    0.0001869883
   0.0001310369    0.0001824534   -0.0000420506
   0.0000162021   -0.0000016780    0.0000058170
   0.0001181364   -0.0001627557    0.0000917022
   0.0001287945    0.0000065685   -0.0010746293
   0.0000048493    0.0000906499   -0.0001257006
  -0.0001472372   -0.0000899998   -0.0007072319
  -0.0000875248    0.0000596399   -0.0002424089
  -0.0000041719    0.0000177686   -0.0000548674
  -0.0000738985   -0.0001328547   -0.0002805572
   0.0000983904    0.0000147505   -0.0001257545
   0.0000027204    0.0000045121   -0.0000504256
   0.0000963517   -0.0000292647   -0.0001051672
   0.0314517830    0.0314517797    0.0514927145
   0.0000606815   -0.0002757102   -0.0035296745
   0.0000443158   -0.0000038551   -0.0035177608
  -0.0002757014    0.0000607034   -0.0035296764
   0.0000301394    0.0000301623   -0.0033766824
  -0.0000113065   -0.0000157866   -0.0034919992
  -0.0000038326    0.0000443526   -0.0035177591
  -0.0000158070   -0.0000112571   -0.0034919989
  -0.0000067255   -0.0000066722   -0.0034685380
  -0.0007307879   -0.0007308002   -0.0050441299
  -0.0001856705   -0.0004612262   -0.0033012717
  -0.0000029063   -0.0000108324   -0.0034834025
  -0.0004612164   -0.0001856481   -0.0033012731
  -0.0000075540   -0.0000075292   -0.0035035823
  -0.0000125276    0.0000088518   -0.0034899232
  -0.0000108048   -0.0000028166   -0.0034834177
   0.0000088291   -0.0000124772   -0.0034899255
   0.0000114519    0.0000115037   -0.0035069575
   0.0003223918    0.0003223796   -0.0043182785
  -0.0000919106    0.0002851830   -0.0034707594
   0.0000436489   -0.0000485655   -0.0035016160
   0.0002851914   -0.0000918817   -0.0034707671
   0.0000075637    0.0000075853   -0.0034898377
   0.0000116830   -0.0000052016   -0.0035080411
  -0.0000485573    0.0000437058   -0.0035016197
  -0.0000052248    0.0000117330   -0.0035080424
  -0.0000102034   -0.0000101532   -0.0034981392
  -0.0005640943   -0.0002443433    0.0030241698
   0.0000053368    0.0000023708    0.0034969399
   0.0004105557    0.0004105459    0.0033319895
  -0.0015350794   -0.0015351209    0.0010247077
   0.0000039045    0.0000024486    0.0034902247
  -0.0002443315   -0.0005641326    0.0030241693
   0.0000024866    0.0000038853    0.0034902246
   0.0000051029    0.0000050901    0.0034977394
   0.0000023846    0.0000053262    0.0034969387
  -0.0001268879    0.0000490056    0.0034540416
   0.0000181127    0.0000265315    0.0034880367
  -0.0002646732   -0.0002646962    0.0035594113
   0.0000135182    0.0000134776    0.0033861129
   0.0000255523    0.0000084255    0.0035107141
   0.0000497864   -0.0001262581    0.0034541461
   0.0000084651    0.0000255400    0.0035107103
   0.0000028591    0.0000028445    0.0034931093
   0.0000265406    0.0000180991    0.0034880401
  -0.0000666872   -0.0001646438    0.0037885253
   0.0000091435   -0.0000112756    0.0035068744
   0.0001224920    0.0001224812    0.0035115295
  -0.0000825058   -0.0000825467    0.0040371776
   0.0000052898   -0.0000007059    0.0035118142
  -0.0001646479   -0.0000667186    0.0037885180
  -0.0000006649    0.0000052736    0.0035118143
   0.0000021984    0.0000021851    0.0035056453
  -0.0000112615    0.0000091278    0.0035068796
  -0.0316712247   -0.0316783136   -0.0677101310
   0.0005681949    0.0004698248   -0.0003638844
   0.0005951993    0.0004443687   -0.0003624779
   0.0004768541    0.0005611551   -0.0003638781
   0.0005540870    0.0005470849   -0.0003257578
   0.0004964222    0.0004905601   -0.0003242002
   0.0004513870    0.0005882257   -0.0003624810
   0.0004975719    0.0004894531   -0.0003242005
   0.0005079770    0.0005010055   -0.0003142571
   0.0004475430    0.0004405373    0.0006927169
   0.0006206430    0.0005336089   -0.0001761600
   0.0005794714    0.0004059058   -0.0002959130
   0.0005406474    0.0006135976   -0.0001761721
   0.0005068159    0.0004998093   -0.0002624247
   0.0004954967    0.0004944332   -0.0002702423
   0.0004129258    0.0005724895   -0.0002959120
   0.0005014388    0.0004885320   -0.0002702427
   0.0005031474    0.0004961808   -0.0003052705
   0.0007132777    0.0007062695    0.0006791232
   0.0004820671    0.0004391403   -0.0003047471
   0.0005277197    0.0004759203   -0.0001742133
   0.0004461784    0.0004750823   -0.0003047618
   0.0004784088    0.0004714040   -0.0002972900
   0.0005037720    0.0004813467   -0.0002644642
   0.0004829476    0.0005207329   -0.0001742187
   0.0004883553    0.0004968061   -0.0002644680
   0.0005011533    0.0004941885   -0.0002566715
  -0.0005581539   -0.0004524566   -0.0008351008
  -0.0004523226   -0.0005082908   -0.0003267356
   0.0008774979    0.0008844897   -0.0115745743
  -0.0004707763   -0.0004638540   -0.0005608704
  -0.0005384617   -0.0004461895   -0.0003291582
  -0.0004594776   -0.0005511857   -0.0008351005
  -0.0004531252   -0.0005315140   -0.0003291592
  -0.0004861915   -0.0004792401   -0.0003314302
  -0.0005152943   -0.0004453638   -0.0003267361
   0.0004489819   -0.0008644777    0.0004242282
  -0.0005315070   -0.0004962183   -0.0002836829
  -0.0012278139   -0.0012208190    0.0022535012
  -0.0004762126   -0.0004692822   -0.0002963854
  -0.0005064395   -0.0004855015   -0.0002815312
  -0.0008714803    0.0004559337    0.0004242081
  -0.0004924383   -0.0004994871   -0.0002815340
  -0.0004966153   -0.0004896628   -0.0002854577
  -0.0005032183   -0.0005245472   -0.0002836830
  -0.0010251055   -0.0003832585    0.0004220426
  -0.0004315258   -0.0005296625   -0.0002906705
  -0.0000919696   -0.0000849837    0.0022292665
  -0.0004831097   -0.0004761831   -0.0002926662
  -0.0004734458   -0.0005030304   -0.0002745134
  -0.0003902772   -0.0010181443    0.0004220394
  -0.0005099636   -0.0004664887   -0.0002745174
  -0.0004830532   -0.0004760996   -0.0002903766
  -0.0005366512   -0.0004245642   -0.0002906668
   0.0025521375    0.0008969855    0.0005553170
   0.0005179559   -0.0004862706    0.0002655278
   0.0006101438    0.0002248503    0.0005481948
   0.0005025411   -0.0004602180    0.0002693778
   0.0004768762   -0.0004999891    0.0002862636
   0.0004943752   -0.0004658232    0.0002728781
   0.0006148623   -0.0007875646    0.0002322927
   0.0004767198   -0.0005344090    0.0002575525
   0.0004976305   -0.0005537303    0.0002440411
   0.0006616581   -0.0002522042    0.0006697126
   0.0005527429   -0.0004646281    0.0003082611
   0.0002795970   -0.0005763807    0.0006706692
   0.0005034971   -0.0004567651    0.0003545523
   0.0004923667   -0.0004971541    0.0003002109
   0.0004889980   -0.0004715451    0.0003616143
   0.0005691301   -0.0005550832    0.0003456438
   0.0005462931   -0.0004854778    0.0002853060
   0.0004420410   -0.0004136477    0.0003469107
   0.0002092456   -0.0008265263    0.0004449421
   0.0004796778   -0.0004980280    0.0002918199
   0.0009062107   -0.0006853558    0.0004383969
   0.0004949383   -0.0004709463    0.0002904101
   0.0004798373   -0.0004908201    0.0002882308
   0.0004991179   -0.0004849299    0.0002878648
   0.0003594830   -0.0002927407    0.0003659521
   0.0004663476   -0.0005123646    0.0003083852
   0.0005560462   -0.0004534209    0.0003746097
   0.0002177695    0.0006031045    0.0005481931
  -0.0004728136    0.0004873400    0.0002728894
  -0.0005607128    0.0004906092    0.0002440342
   0.0008899168    0.0025451582    0.0005553115
  -0.0004672404    0.0004956037    0.0002693832
  -0.0007945531    0.0006078757    0.0002322868
  -0.0004933142    0.0005109222    0.0002655215
  -0.0005070478    0.0004698433    0.0002862601
  -0.0005413929    0.0004696840    0.0002575537
  -0.0005827534    0.0002732553    0.0006706427
  -0.0004786024    0.0004820056    0.0003616125
  -0.0004206571    0.0004350163    0.0003469085
  -0.0002592699    0.0006546865    0.0006697138
  -0.0004638236    0.0004965357    0.0003545589
  -0.0005621340    0.0005621628    0.0003456759
  -0.0004716696    0.0005457051    0.0003082633
  -0.0005042166    0.0004853340    0.0003002090
  -0.0004924594    0.0005392538    0.0002853048
  -0.0006924236    0.0008991838    0.0004383782
  -0.0004919902    0.0004921208    0.0002878632
  -0.0004604093    0.0005490255    0.0003746105
  -0.0008335862    0.0002022544    0.0004449472
  -0.0004780058    0.0004879797    0.0002904079
  -0.0002997403    0.0003524970    0.0003659455
  -0.0005050761    0.0004726374    0.0002918188
  -0.0004978808    0.0004728086    0.0002882302
  -0.0005193478    0.0004593058    0.0003083866

109  
  0.0000000000000000   0.0000000000000000  -0.0100000000000000
  -0.0001697810    0.0014802938   -0.0000767163
  -0.0001842530   -0.0000924555   -0.0000590704
  -0.0000700022    0.0000685104   -0.0000050662
  -0.0036597737    0.0043254706   -0.0064662533
   0.0000366233   -0.0001140543   -0.0004785331
   0.0001420030    0.0000513109   -0.0001056803
   0.0000635005    0.0000338866   -0.0000503925
   0.0000851305   -0.0000079175   -0.0000314940
  -0.0000046256   -0.0000343429   -0.0000105425
  -0.0006394207   -0.0001348133   -0.0006301822
   0.0000065799   -0.0002334267    0.0000241340
  -0.0000232351    0.0000728418   -0.0000889187
   0.0018027433   -0.0016002379   -0.0024662978
   0.0000275249    0.0001128744   -0.0000343619
   0.0000055278    0.0000499072    0.0000450153
   0.0000770163    0.0000486876   -0.0000318891
   0.0000798839   -0.0000085174    0.0000140797
   0.0000027559   -0.0000307705   -0.0000038340
  -0.0001062380    0.0001606158    0.0007042924
  -0.0000752828   -0.0001129537    0.0002804925
  -0.0000108775    0.0000927447    0.0001043940
  -0.0000056995   -0.0001363472    0.0010706143
   0.0000690775   -0.0001101127    0.0002418519
   0.0000283809    0.0000829415    0.0001259326
   0.0000947699   -0.0000186144    0.0001264249
   0.0000058480   -0.0000104723    0.0000562709
  -0.0000031278   -0.0000178609    0.0000510262
   0.0043268899   -0.0036632357   -0.0064898699
   0.0000202699    0.0000602067   -0.0000745794
   0.0014808353   -0.0001729217   -0.0001002194
  -0.0001126432    0.0000261499   -0.0005023982
  -0.0000214032    0.0000745081   -0.0000553902
  -0.0000913419   -0.0001947385   -0.0000826795
   0.0000525857    0.0001444273   -0.0001294961
  -0.0000478727   -0.0000022911   -0.0000343780
   0.0000692662   -0.0000675359   -0.0000289547
  -0.0015991574    0.0017998022   -0.0024899487
   0.0000351336    0.0000736949   -0.0000556293
  -0.0001338992   -0.0006425619   -0.0006540057
   0.0001144418    0.0000169494   -0.0000580882
  -0.0000220312    0.0000692477   -0.0000093962
  -0.0002324780   -0.0000038495    0.0000002253
   0.0000512268    0.0000075685    0.0000213894
  -0.0000440789    0.0000052001   -0.0000278344
   0.0000734546   -0.0000209945   -0.0001126785
  -0.0001350074   -0.0000087603    0.0010466541
  -0.0000320177    0.0000916059    0.0001023155
   0.0001616673   -0.0001096631    0.0006807954
  -0.0001086457    0.0000589406    0.0002176529
  -0.0000240241   -0.0000046286    0.0000322988
  -0.0001123577   -0.0000859489    0.0002565974
   0.0000841467    0.0000301301    0.0001025137
  -0.0000309645   -0.0000009818    0.0000271969
   0.0000933850   -0.0000083995    0.0000807191
  -0.0320740406   -0.0320740496   -0.0591753646
  -0.0000604573   -0.0001707392   -0.0034709057
  -0.0000446578   -0.0000011181   -0.0034833983
  -0.0001707371   -0.0000604222   -0.0034709077
  -0.0000175357   -0.0000175040   -0.0036215947
   0.0000130833    0.0000098903   -0.0035082990
  -0.0000011182   -0.0000446189   -0.0034833920
   0.0000098623    0.0000131438   -0.0035082982
   0.0000092962    0.0000093566   -0.0035308753
   0.0010938270    0.0010938230   -0.0019779343
   0.0001871579    0.0000790702   -0.0036977124
   0.0000040591    0.0000052569   -0.0035165609
   0.0000790702    0.0001871896   -0.0036977115
   0.0000162896    0.0000163173   -0.0034971120
   0.0000141495   -0.0000147209   -0.0035102006
   0.0000052623    0.0000040821   -0.0035165573
  -0.0000147507    0.0000142073   -0.0035102027
  -0.0000095835   -0.0000095245   -0.0034935679
  -0.0003422764   -0.0003422832   -0.0026928792
   0.0000926426   -0.0002601804   -0.0035302247
  -0.0000415409    0.0000385968   -0.0034982376
  -0.0002601786    0.0000926629   -0.0035302197
  -0.0000104514   -0.0000104175   -0.0035095016
  -0.0000099738    0.0000070506   -0.0034921124
   0.0000385934   -0.0000414828   -0.0034982378
   0.0000070234   -0.0000099183   -0.0034921166
   0.0000118224    0.0000118814   -0.0035018808
   0.0000957645    0.0002406780    0.0039818745
  -0.0000037338   -0.0000085408    0.0035026438
  -0.0003987744   -0.0003987733    0.0036698620
   0.0019778841    0.0019778507    0.0059241893
  -0.0000027267   -0.0000084160    0.0035093198
   0.0002406769    0.0000957287    0.0039818746
  -0.0000083825   -0.0000027364    0.0035093200
  -0.0000034129   -0.0000034153    0.0035018572
  -0.0000085362   -0.0000037399    0.0035026449
   0.0001440198   -0.0000527707    0.0035457206
  -0.0000160784   -0.0000247321    0.0035114249
   0.0002695930    0.0002695998    0.0034404073
  -0.0000272064   -0.0000272372    0.0036113687
  -0.0000220443   -0.0000067833    0.0034888216
  -0.0000528598    0.0001440198    0.0035455965
  -0.0000067519   -0.0000220514    0.0034888178
  -0.0000010565   -0.0000010629    0.0035065034
  -0.0000247286   -0.0000160864    0.0035114259
  -0.0004066283    0.0001614451    0.0032104548
  -0.0000074111    0.0000053830    0.0034927481
  -0.0001092735   -0.0001092770    0.0034869052
   0.0005658353    0.0005658004    0.0029627141
  -0.0000038191   -0.0000056958    0.0034878207
   0.0001614588   -0.0004066730    0.0032104597
  -0.0000056666   -0.0000038257    0.0034878208
  -0.0000004408   -0.0000004447    0.0034939933
   0.0000053817   -0.0000074153    0.0034927473
   0.0336700339    0.0336630425    0.0678451447
   0.0004272759    0.0005125135   -0.0002188654
   0.0003999147    0.0005378838   -0.0002197679
   0.0005195365    0.0004202604   -0.0002188747
   0.0004417683    0.0004347734   -0.0002578638
   0.0004990191    0.0004911844   -0.0002584266
   0.0005449022    0.0003929343   -0.0002197659
   0.0004981756    0.0004920694   -0.0002584252
   0.0004879410    0.0004809891   -0.0002706535
   0.0005560512    0.0005490535   -0.0012587145
   0.0003770571    0.0004458249   -0.0004078871
   0.0004151354    0.0005762339   -0.0002870759
   0.0004528440    0.0003700457   -0.0004078801
   0.0004907589    0.0004837588   -0.0003219040
   0.0004994903    0.0004875495   -0.0003126067
   0.0005832471    0.0004081662   -0.0002870778
   0.0004945460    0.0004925366   -0.0003126084
   0.0004921746    0.0004852167   -0.0002777351
   0.0002769324    0.0002699378   -0.0012730279
   0.0005142049    0.0005432659   -0.0002764680
   0.0004667833    0.0005087198   -0.0004068169
   0.0005502908    0.0005071364   -0.0002764493
   0.0005170937    0.0005100938   -0.0002854213
   0.0004911881    0.0005006780   -0.0003180328
   0.0005157346    0.0004598093   -0.0004068149
   0.0005076750    0.0004842322   -0.0003180362
   0.0004942301    0.0004872731   -0.0003262989
  -0.0004341859   -0.0005237569    0.0002512373
  -0.0005396422   -0.0004691054   -0.0002542144
  -0.0018459228   -0.0018389293    0.0110947779
  -0.0005222602   -0.0005153093   -0.0000255800
  -0.0004529561   -0.0005322287   -0.0002530795
  -0.0005307775   -0.0004272279    0.0002512360
  -0.0005391734   -0.0004459911   -0.0002530791
  -0.0005053351   -0.0004983744   -0.0002512061
  -0.0004761230   -0.0005326559   -0.0002542118
  -0.0014350633   -0.0001145292   -0.0010030759
  -0.0004610245   -0.0004814661   -0.0002987091
   0.0002182386    0.0002252333   -0.0027893394
  -0.0005158594   -0.0005089173   -0.0002820181
  -0.0004855569   -0.0004925775   -0.0003010970
  -0.0001215645   -0.0014280860   -0.0010030556
  -0.0004995210   -0.0004785977   -0.0003010977
  -0.0004954729   -0.0004885136   -0.0002968843
  -0.0004884780   -0.0004540508   -0.0002987105
   0.0000344418   -0.0005926902   -0.0010047489
  -0.0005602671   -0.0004458801   -0.0002914279
  -0.0008945787   -0.0008875771   -0.0028128330
  -0.0005084470   -0.0005015022   -0.0002908185
  -0.0005183817   -0.0004747583   -0.0003079569
  -0.0005997162    0.0000414027   -0.0010047459
  -0.0004817012   -0.0005114192   -0.0003079561
  -0.0005090060   -0.0005020455   -0.0002920123
  -0.0004528841   -0.0005533081   -0.0002914301
  -0.0015752487   -0.0018365975    0.0000329665
   0.0004770947   -0.0004916160    0.0003166215
   0.0004052269   -0.0012138790    0.0000194170
   0.0004932460   -0.0005179786    0.0003123246
   0.0005190258   -0.0004774937    0.0002957366
   0.0005013933   -0.0005119473    0.0003089438
   0.0003806923   -0.0001861505    0.0003496269
   0.0005189352   -0.0004439884    0.0003234008
   0.0004985271   -0.0004202860    0.0003370927
   0.0003394630   -0.0007177417   -0.0000855629
   0.0004431954   -0.0005129315    0.0002741877
   0.0007126591   -0.0004022019   -0.0000878672
   0.0004954810   -0.0005171908    0.0002241416
   0.0005038200   -0.0004799957    0.0002817677
   0.0005065476   -0.0005066844    0.0002204053
   0.0004283850   -0.0004238258    0.0002352442
   0.0004506560   -0.0004916519    0.0002965571
   0.0005523728   -0.0005630240    0.0002353853
   0.0007831561   -0.0001518049    0.0001431507
   0.0005166190   -0.0004804600    0.0002907396
   0.0000899015   -0.0002905077    0.0001457563
   0.0005007549   -0.0005074137    0.0002918109
   0.0005159026   -0.0004866092    0.0002938275
   0.0004961866   -0.0004934261    0.0002944029
   0.0006385774   -0.0006853711    0.0002161435
   0.0005291731   -0.0004655170    0.0002737440
   0.0004384577   -0.0005226925    0.0002095201
  -0.0012209447    0.0003982215    0.0000194137
  -0.0005190767    0.0004944410    0.0003089350
  -0.0004273118    0.0004915070    0.0003370891
  -0.0018436670   -0.0015822115    0.0000329663
  -0.0005250849    0.0004862738    0.0003123231
  -0.0001931768    0.0003737187    0.0003496311
  -0.0004986655    0.0004700623    0.0003166210
  -0.0004845592    0.0005119938    0.0002957362
  -0.0004509804    0.0005119044    0.0003233990
  -0.0004092760    0.0007056492   -0.0000878431
  -0.0005137486    0.0004995545    0.0002204053
  -0.0005700366    0.0005453566    0.0002353823
  -0.0007248149    0.0003324894   -0.0000855606
  -0.0005242607    0.0004885231    0.0002241431
  -0.0004308071    0.0004213693    0.0002352051
  -0.0005199872    0.0004361657    0.0002741841
  -0.0004870634    0.0004967929    0.0002817718
  -0.0004986411    0.0004436324    0.0002965606
  -0.0002975871    0.0000828877    0.0001457754
  -0.0005004910    0.0004891973    0.0002944046
  -0.0005297121    0.0004314413    0.0002095190
  -0.0001588803    0.0007762001    0.0001431390
  -0.0005144802    0.0004938028    0.0002918109
  -0.0006923850    0.0006316008    0.0002161449
  -0.0004875123    0.0005095912    0.0002907376
  -0.0004936793    0.0005088772    0.0002938257
  -0.0004725058    0.0005221371    0.0002737459
