108  
9    

1    
  0.0088863266434539  -0.0045861965489762   0.0000000000000000
  -0.0394600971    0.0207872300    0.0035581608
   0.0029400937   -0.0019038351   -0.0006351808
   0.0029545995   -0.0017293519    0.0003862125
   0.0011928309    0.0014694952   -0.0000863138
   0.0004951021   -0.0006184780   -0.0001135882
  -0.0009109786   -0.0026512840    0.0009475375
   0.0012542553    0.0015863447   -0.0006686630
  -0.0009151940   -0.0026883964    0.0005204609
   0.0004386746   -0.0006517837    0.0001721802
   0.0000291047   -0.0002157952    0.0001762565
  -0.0000079204   -0.0003101946   -0.0001919986
  -0.0000325533   -0.0002843732   -0.0003089149
  -0.0000578285   -0.0002116324   -0.0000358465
   0.0000110898   -0.0003939413   -0.0001480580
   0.0000053619   -0.0002852018    0.0000280391
  -0.0000679030   -0.0002237346   -0.0000267360
   0.0000281970   -0.0003263995    0.0000630725
   0.0000522796   -0.0002256175   -0.0002594323
  -0.0018569261    0.0026550297    0.0013752517
   0.0010102023   -0.0002247255    0.0006107957
   0.0015135664   -0.0018760860   -0.0021556184
  -0.0000255212    0.0009622252    0.0000191385
   0.0000883974   -0.0001164524    0.0001670793
  -0.0001384446   -0.0001762882   -0.0000768215
  -0.0001879553    0.0025401635   -0.0016179033
   0.0000562213   -0.0012332923    0.0013866047
   0.0006400940   -0.0001177704   -0.0003105693
  -0.0000904782   -0.0007915939    0.0025299580
   0.0010444124    0.0001697739   -0.0025060481
   0.0004129435   -0.0000025488    0.0000191611
   0.0000731997    0.0009174184   -0.0005448775
   0.0003750011    0.0004611287   -0.0002035290
  -0.0002345439   -0.0000310444    0.0002515501
   0.0006042942    0.0004424296    0.0003111821
  -0.0012046734    0.0011760692    0.0002789930
   0.0001669998   -0.0004305593   -0.0005050697
   0.0003818962   -0.0001334434    0.0000429112
   0.0000437150    0.0002715326    0.0001948315
   0.0000694644    0.0001506367   -0.0001890940
   0.0001953612    0.0000995869    0.0000558360
   0.0001001411    0.0001483153   -0.0000279883
   0.0002358681    0.0000247050    0.0000285647
   0.0001857073    0.0000028587   -0.0001221987
   0.0002557714    0.0000745587    0.0001243896
   0.0001045148    0.0001484319    0.0000126272
  -0.0000458494   -0.0001198100   -0.0007979317
  -0.0003936707    0.0005983965    0.0000887247
   0.0022261542   -0.0019448580   -0.0010532553
  -0.0002250002   -0.0002901533    0.0002707021
   0.0001024890    0.0004179467   -0.0000657354
   0.0007841854    0.0002040989   -0.0002943017
   0.0007630894   -0.0037361179    0.0019099048
  -0.0000497194    0.0007639371   -0.0001656034
  -0.0000234811    0.0000706702    0.0004293632
   0.0000171573    0.0000928333    0.0000618108
  -0.0003067648    0.0001217761   -0.0002005086
  -0.0003164771   -0.0000831846    0.0003232493
  -0.0001821348    0.0000266777   -0.0001049101
  -0.0002862747    0.0000920739   -0.0000120391
  -0.0000243307    0.0002452038    0.0003415168
  -0.0001686947   -0.0000526190    0.0000973509
  -0.0001540524    0.0002359488   -0.0000777033
  -0.0002206292    0.0000883417    0.0000773107
   0.0004115603   -0.0002494545   -0.0001003016
  -0.0000060149   -0.0021791010   -0.0027295051
  -0.0004481200    0.0004262608    0.0001966387
   0.0007220837   -0.0029327965    0.0027867664
  -0.0007101214   -0.0000337833    0.0005104578
  -0.0000544326    0.0005821674   -0.0004630776
  -0.0004109853   -0.0002002648    0.0001405141
  -0.0002389346   -0.0002872057   -0.0000949885
   0.0000146375    0.0005663792   -0.0000639922
   0.0091995851   -0.0064295014   -0.0079799922
   0.0090483480   -0.0034641705    0.0061711664
  -0.0007369499    0.0004308611    0.0000780229
  -0.0002158828   -0.0009147821   -0.0000739656
  -0.0002545611   -0.0000084989   -0.0002438737
  -0.0002822773    0.0004822275   -0.0000533250
  -0.0008753259   -0.0002227522    0.0002585891
   0.0008505291   -0.0001631646   -0.0002645598
  -0.0004576706    0.0001997672   -0.0000206355
  -0.0002014005   -0.0000476923   -0.0000404682
  -0.0000366877   -0.0001973185   -0.0002447506
  -0.0002919274    0.0000368587    0.0003714835
  -0.0001222803    0.0000426804   -0.0001865861
  -0.0002028842   -0.0002517336    0.0003179629
  -0.0001983620   -0.0000242121    0.0000438940
  -0.0002600562   -0.0001034492    0.0002096054
  -0.0001802438   -0.0001825153   -0.0000397606
  -0.0000912960   -0.0000634419   -0.0000472780
   0.0057094337    0.0023159209   -0.0043830477
  -0.0003284198   -0.0002749655    0.0002203455
  -0.0001503287    0.0005832237   -0.0003978313
  -0.0000797298   -0.0003937158    0.0000027607
   0.0003049088    0.0000879724    0.0001357995
   0.0003249645    0.0001122081   -0.0002251900
   0.0047447714    0.0003034864    0.0023636688
   0.0009793936    0.0003943332    0.0007174820
  -0.0003125799   -0.0000906790   -0.0001849620
   0.0002100666   -0.0002170859   -0.0001065235
   0.0001228796    0.0001751512    0.0001788092
   0.0002049210   -0.0001642897   -0.0000816765
   0.0001345002   -0.0002726090    0.0001714571
   0.0002822539    0.0001603473   -0.0002534944
   0.0001127606   -0.0001191924    0.0000098924
   0.0003538112   -0.0002973198   -0.0003324677
   0.0001493885    0.0000478201   -0.0001164731
   0.0000023361   -0.0001272421    0.0004891205

1    
 -0.0088863266434539   0.0045861965489762   0.0000000000000000
   0.0395627368   -0.0213971741   -0.0039913769
  -0.0028674975    0.0013792977    0.0006408142
  -0.0030039729    0.0012421123   -0.0003755602
  -0.0011715566   -0.0019372871    0.0001127580
  -0.0004470732    0.0001362046    0.0001507054
   0.0009074437    0.0021860774   -0.0009158645
  -0.0012611274   -0.0021203927    0.0006450405
   0.0009188233    0.0021503605   -0.0005351448
  -0.0004888764    0.0001334923   -0.0002007410
  -0.0000422517   -0.0003347340   -0.0002324981
   0.0000223124   -0.0002476923    0.0001323473
  -0.0000168060   -0.0002441571    0.0002512798
   0.0000594227   -0.0003187897    0.0000447120
   0.0000291761   -0.0001457844    0.0001470606
  -0.0000380112   -0.0002212464   -0.0000156283
   0.0000389242   -0.0003528726   -0.0000329421
  -0.0000253762   -0.0002621902   -0.0001285286
  -0.0001155009   -0.0003396637    0.0002120042
   0.0018658040   -0.0021013248   -0.0013103914
  -0.0009499957    0.0007588470   -0.0005505311
  -0.0015342267    0.0024331648    0.0022125648
   0.0000606516   -0.0003803418    0.0000466105
  -0.0000283445    0.0006818798   -0.0001070847
   0.0001351250    0.0007621406    0.0001429413
   0.0001910708   -0.0020309716    0.0016403511
  -0.0000390189    0.0017383225   -0.0013669463
  -0.0006720233    0.0006520407    0.0003192286
   0.0000862523    0.0012935681   -0.0025500186
  -0.0010230138    0.0003268799    0.0024890000
  -0.0004602305    0.0005088658   -0.0000273036
  -0.0000701204   -0.0003955346    0.0005782281
  -0.0003329577    0.0000610564    0.0002268233
   0.0002087877    0.0005701527   -0.0002348927
  -0.0006367890    0.0000341778   -0.0003491373
   0.0012105453   -0.0007121424   -0.0003099335
  -0.0002314480    0.0009157532    0.0004616846
  -0.0000281265    0.0003111573   -0.0000887707
   0.0003106832   -0.0000944001   -0.0002394608
   0.0002841291    0.0000275710    0.0001441001
   0.0001597450    0.0000767138   -0.0001021933
   0.0002539025    0.0000291832   -0.0000164505
   0.0001164619    0.0001535698   -0.0000738609
   0.0001681344    0.0001751203    0.0000764883
   0.0000979027    0.0001025047   -0.0001694824
   0.0002490297    0.0000302718   -0.0000574905
   0.0004145355    0.0002830407    0.0007692929
   0.0007467699   -0.0004201902   -0.0001349596
  -0.0018919874    0.0021495822    0.0010354106
   0.0005772884    0.0004668769   -0.0003151920
   0.0002511112   -0.0002410219    0.0000204337
  -0.0004298817   -0.0000252512    0.0002516687
  -0.0004216805    0.0039034174   -0.0019336500
   0.0004037211   -0.0005839575    0.0001192016
   0.0003806628    0.0001121091   -0.0004762889
  -0.0003687085    0.0000864937   -0.0000191481
  -0.0000451421    0.0000567352    0.0002431340
  -0.0000364931    0.0002599452   -0.0002798580
  -0.0001705350    0.0001510248    0.0001467139
  -0.0000661671    0.0000856809    0.0000548134
  -0.0003271937   -0.0000679707   -0.0002990350
  -0.0001841543    0.0002304349   -0.0000550646
  -0.0001971775   -0.0000583432    0.0001210536
  -0.0001315569    0.0000895179   -0.0000348114
  -0.0007850630    0.0004264042    0.0001290043
  -0.0003771377    0.0023063950    0.0027056850
   0.0000952085   -0.0002463648   -0.0001512704
  -0.0010480955    0.0031023304   -0.0027418670
   0.0003545732    0.0002103911   -0.0004645957
  -0.0003012729   -0.0004085222    0.0005098690
   0.0000601905    0.0003796802   -0.0000962379
  -0.0001136209    0.0004638652    0.0001383901
  -0.0003666058   -0.0003878235    0.0001072153
  -0.0098923328    0.0064787348    0.0084051115
  -0.0090957391    0.0031982911   -0.0058731739
   0.0003846621   -0.0006085016   -0.0000377099
  -0.0001391331    0.0007316343    0.0001157821
  -0.0000993653   -0.0001698301    0.0002860831
  -0.0000699379   -0.0006591505    0.0000949378
   0.0005245796    0.0000438655   -0.0002174920
  -0.0012012259   -0.0000120952    0.0003049188
   0.0001057046   -0.0003774754    0.0000627755
  -0.0001511202   -0.0001295733    0.0000834188
  -0.0003160658    0.0000197058    0.0002875566
  -0.0000602601   -0.0002150175   -0.0003275017
  -0.0002306736   -0.0002199272    0.0002297543
  -0.0001485891    0.0000730594   -0.0002769590
  -0.0001538802   -0.0001539386   -0.0000005454
  -0.0000921621   -0.0000716147   -0.0001676875
  -0.0001721264    0.0000041466    0.0000823421
  -0.0002609865   -0.0001152350    0.0000899574
  -0.0052599410   -0.0024016212    0.0042321295
   0.0006809150    0.0000939831   -0.0002624684
   0.0005153044   -0.0007717774    0.0003587112
   0.0004335506    0.0002157924   -0.0000471076
   0.0000485101   -0.0002666189   -0.0001805280
   0.0000293982   -0.0002873868    0.0001814119
  -0.0045036519   -0.0005397448   -0.0024961852
  -0.0006281057   -0.0005473841   -0.0007412684
   0.0006667824   -0.0000859310    0.0001400909
   0.0001435697    0.0000391569    0.0000606413
   0.0002301907   -0.0003518305   -0.0002224769
   0.0001494985   -0.0000145523    0.0000352603
   0.0002192881    0.0000959205   -0.0002171900
   0.0000720632   -0.0003382751    0.0002086536
   0.0002409716   -0.0000587712   -0.0000556246
   0.0000005003    0.0001203043    0.0002851164
   0.0002045237   -0.0002258322    0.0000706617
   0.0003509771   -0.0000507759   -0.0005338139

1    
  0.0046588122917133   0.0000000000000000   0.0088484726382908
  -0.0170633343   -0.0000827347   -0.0450868220
   0.0012573467   -0.0016409623   -0.0029464905
   0.0004384069   -0.0011030400   -0.0025194078
   0.0004598420    0.0006205713   -0.0025177109
   0.0002965075   -0.0005459971   -0.0012762792
   0.0000392976   -0.0002413066   -0.0027713176
   0.0012273215    0.0011186763   -0.0029435762
   0.0004507593   -0.0002637645   -0.0030113867
   0.0002474805    0.0000435082   -0.0013136234
   0.0002148678   -0.0002752805    0.0010139986
  -0.0001681018   -0.0000745510    0.0009227890
  -0.0001201196   -0.0001240594    0.0008802927
  -0.0000945847   -0.0004045295    0.0009133814
  -0.0001489984   -0.0002324939    0.0007765693
   0.0001380574   -0.0002530166    0.0006479127
  -0.0001908574   -0.0004941290    0.0009234519
   0.0000265720   -0.0002948200    0.0006610872
  -0.0002005052   -0.0003205057    0.0007524586
   0.0014509188    0.0023287602    0.0044386961
   0.0009032671   -0.0001566411    0.0008165823
  -0.0009556922    0.0011014287    0.0014408449
   0.0001261883    0.0005742679    0.0004281371
  -0.0000731481   -0.0002422491    0.0005970733
  -0.0000231182    0.0005893288    0.0003904556
  -0.0018349711    0.0000481250    0.0019561899
   0.0005391614   -0.0014300235    0.0017293909
  -0.0000132477    0.0002068016    0.0001631603
   0.0014167651   -0.0017748479    0.0043503516
  -0.0018160044    0.0004575884    0.0019417503
   0.0000851402   -0.0000279731    0.0003907357
  -0.0009465595   -0.0005645944    0.0014302550
   0.0000223658    0.0003200138    0.0001726800
  -0.0000344447   -0.0000282969    0.0003681811
   0.0008544413    0.0006604541    0.0007687946
   0.0005339365    0.0019106597    0.0017080750
  -0.0001363753    0.0007690538    0.0005400309
   0.0002819511   -0.0000371331   -0.0008805599
   0.0003531576   -0.0000240642   -0.0004518366
  -0.0000098472    0.0002421785   -0.0005707579
   0.0004082878    0.0000264043   -0.0004199791
   0.0001708957    0.0001593475   -0.0002128664
   0.0001586583    0.0001525792   -0.0003768015
   0.0000987957    0.0001149169   -0.0005103271
   0.0002268888   -0.0000921914   -0.0004133758
   0.0001866180    0.0001213686   -0.0003924074
  -0.0009463371    0.0004115963    0.0001871892
   0.0001371179    0.0001060584    0.0004038287
   0.0002128429    0.0033996238    0.0048811352
  -0.0002254222   -0.0002721540    0.0006280639
   0.0001517559    0.0001233651    0.0003325647
  -0.0000291262   -0.0004205081    0.0001779644
  -0.0000752343   -0.0049998655    0.0055059395
  -0.0000946011    0.0006243634    0.0002466290
   0.0001643190   -0.0000075609    0.0006717564
  -0.0000690869    0.0002162097   -0.0008413141
  -0.0002540704    0.0000634224   -0.0004662964
   0.0000546163    0.0001500332   -0.0003746494
  -0.0003642794   -0.0000656456   -0.0005285042
  -0.0001666143    0.0000563222   -0.0003482366
  -0.0001933329    0.0000252079   -0.0003316670
  -0.0000000446    0.0002011781   -0.0004081456
  -0.0001251823    0.0002700594   -0.0003690633
  -0.0001823531    0.0000181248   -0.0001687767
  -0.0013082059   -0.0002452099    0.0002085602
  -0.0003991127    0.0050374133    0.0054609129
  -0.0005777539    0.0004506339    0.0006712475
  -0.0000921117   -0.0030921934    0.0048255928
  -0.0001891547    0.0001861919    0.0007147867
  -0.0003853843    0.0005967281    0.0002220126
  -0.0002144417    0.0000725822    0.0004488809
  -0.0004471834   -0.0004451764    0.0002915455
  -0.0002011268    0.0000544018    0.0003765656
  -0.0008173284    0.0008788160    0.0023469119
   0.0086927204   -0.0031608468    0.0073927431
  -0.0003592711    0.0001604906    0.0002587757
  -0.0003404695   -0.0004177593    0.0003488475
  -0.0000612609    0.0000885929   -0.0000229273
  -0.0001260373   -0.0003106758    0.0003462661
  -0.0001144401    0.0001267847    0.0003157845
   0.0004110145    0.0008435343    0.0002731811
  -0.0003851947    0.0001449741    0.0004430306
  -0.0002403413   -0.0000379721   -0.0003360876
  -0.0000574051   -0.0001626018   -0.0007693083
  -0.0000474545   -0.0002221967   -0.0003459464
  -0.0001579912    0.0002218861   -0.0005102150
  -0.0001208897   -0.0000798365   -0.0004086662
  -0.0002313014   -0.0000745931   -0.0001869368
  -0.0001549197   -0.0001076924   -0.0003331508
  -0.0002733618   -0.0002263057   -0.0003198596
  -0.0000891412   -0.0003067692   -0.0004509458
  -0.0004821937   -0.0010638431    0.0023164044
   0.0002395405   -0.0003071857    0.0002740299
   0.0000196791    0.0002329519    0.0003036131
  -0.0000048742   -0.0003372986    0.0002151606
  -0.0000325051   -0.0003226474    0.0003992280
   0.0002273194    0.0001348802    0.0003033417
   0.0086794899    0.0028444738    0.0071135755
   0.0007662301   -0.0010192228    0.0002292658
   0.0002923016   -0.0002671894   -0.0000655186
   0.0001123523   -0.0001402014   -0.0003804174
   0.0001973013   -0.0000688478   -0.0003754664
   0.0001954200   -0.0004016632   -0.0005558717
   0.0003052464    0.0000441307   -0.0003892243
   0.0002644474    0.0001288559   -0.0004945199
   0.0001214615   -0.0001038163   -0.0002310731
   0.0002966788   -0.0000138155   -0.0008160853
   0.0000794766    0.0000488568   -0.0003638593
   0.0002312219   -0.0000982769   -0.0004504022

37   
  0.0088863266434539  -0.0045861965489762   0.0000000000000000
   0.0002574725   -0.0003723812    0.0000421282
  -0.0000633451   -0.0001578859   -0.0002216581
  -0.0001593674   -0.0000914571    0.0003102864
  -0.0000139523   -0.0003970551   -0.0000626385
  -0.0000692619   -0.0002472510    0.0000367682
   0.0000816233   -0.0002224972    0.0001112462
  -0.0001013588   -0.0004937139    0.0003016317
   0.0001657397   -0.0001344585   -0.0001478199
  -0.0000969210   -0.0001983286    0.0000152399
   0.0001487454    0.0002653651   -0.0014302094
   0.0012299968   -0.0039867670   -0.0023291282
  -0.0006332327    0.0001716307    0.0002498522
   0.0008150763   -0.0036823420    0.0019479462
  -0.0003667902   -0.0006586336    0.0002442457
  -0.0004333492    0.0000556517   -0.0003230093
  -0.0001666665   -0.0001858798   -0.0001647679
   0.0004592151   -0.0004603812   -0.0002227673
   0.0000602092    0.0003774973   -0.0001144380
  -0.0000220584    0.0002885043   -0.0000390731
   0.0001589019    0.0001438453    0.0001207736
  -0.0001714038    0.0003179975    0.0002952326
  -0.0000025642    0.0002966056   -0.0001114340
  -0.0000373834    0.0000422477    0.0001131278
  -0.0000657777    0.0002700230    0.0000326232
  -0.0000010507    0.0004107763    0.0000108663
   0.0000472810    0.0002558600   -0.0000159622
   0.0001317251    0.0004226720    0.0001188051
   0.0096213852   -0.0056694453   -0.0061510126
   0.0079546253   -0.0055998168    0.0062826917
  -0.0006451114    0.0006560465    0.0000137643
   0.0002206381   -0.0000753525   -0.0000785382
  -0.0002808898   -0.0000949810    0.0001926992
  -0.0000930681    0.0009002784    0.0002172266
  -0.0006322422    0.0002691754    0.0002574663
   0.0010596314    0.0002155657   -0.0004655751
  -0.0001396216    0.0008754284   -0.0002951321
  -0.0802295777   -0.0092970838   -0.0079680586
   0.0006399631   -0.0002915711   -0.0003778498
   0.0006571129   -0.0002641536    0.0002814915
   0.0022173616    0.0001274959    0.0015370559
   0.0003841438    0.0000860997   -0.0000909723
   0.0003242975    0.0001859839   -0.0001507496
   0.0020580842   -0.0001326538    0.0008909458
   0.0000720645   -0.0002968178    0.0002325043
   0.0002367052   -0.0001990244    0.0000374078
   0.0001535368    0.0001192023    0.0000262348
   0.0001871738    0.0000672502   -0.0001142957
   0.0001812081    0.0000652934   -0.0000637175
   0.0001759822    0.0001777523   -0.0000629280
   0.0001893521    0.0000489995   -0.0000336670
   0.0001735239    0.0000899770    0.0000229558
   0.0001449487    0.0001237912    0.0000190728
   0.0001742519    0.0000642305   -0.0000141871
   0.0002069949    0.0000589582   -0.0001234573
  -0.0001831558   -0.0000086496    0.0000735658
  -0.0003386767    0.0001516452    0.0001491013
  -0.0000412584   -0.0008144195   -0.0007649983
  -0.0002720999    0.0000210839    0.0002032549
   0.0001067459    0.0004965143   -0.0002478182
  -0.0000974902    0.0000978260   -0.0000464616
  -0.0004231274   -0.0000912225    0.0002475570
  -0.0001177756    0.0001724312    0.0000272061
  -0.0001907501    0.0000086461    0.0001137350
   0.0005462660    0.0009683458   -0.0007745368
  -0.0002765677   -0.0002783550    0.0005493493
  -0.0000614498    0.0000363349    0.0000377737
  -0.0005630385    0.0002941251    0.0002765262
   0.0006593575    0.0005872546    0.0006038631
  -0.0001730529    0.0001240435   -0.0000220713
  -0.0001183827    0.0001544945   -0.0000500672
  -0.0001886478    0.0001456889    0.0000575594
  -0.0002299648   -0.0000486913    0.0000088037
  -0.0001812787   -0.0001297112   -0.0000365344
  -0.0001931798   -0.0000535728    0.0000650143
  -0.0001384904   -0.0001308193   -0.0000175151
  -0.0001717296   -0.0000716146    0.0000335142
  -0.0001789067   -0.0000480807    0.0000495618
  -0.0001687129   -0.0000849489   -0.0000566779
  -0.0001523988   -0.0001598934   -0.0000392267
  -0.0002259085   -0.0000302616   -0.0000056647
  -0.0001711971   -0.0001091077    0.0000312681
   0.0002546020   -0.0003306281    0.0000384318
   0.0547363855    0.0273474462    0.0108525447
   0.0008764432   -0.0013176957   -0.0002268542
   0.0004392347   -0.0019037508    0.0004207704
  -0.0007063571    0.0024775153   -0.0031016879
  -0.0001030099   -0.0002530421    0.0000470888
  -0.0000198833   -0.0001576817   -0.0000486966
  -0.0003768953    0.0006230436   -0.0005457609
  -0.0003280771   -0.0003623721    0.0000846933
  -0.0000505531    0.0002743748    0.0000703036
   0.0003571987    0.0000146083    0.0000794648
   0.0001389260   -0.0005757492   -0.0004311029
   0.0002636512    0.0000615253   -0.0000947356
   0.0001329209   -0.0001238356   -0.0001084924
   0.0001240306   -0.0001791420    0.0000144046
   0.0002867477    0.0001475122   -0.0003377135
  -0.0001820441   -0.0002762913    0.0004359129
   0.0002536698   -0.0001723813   -0.0000681601
   0.0000979744   -0.0000163493    0.0001503264
   0.0002260340    0.0002541820   -0.0005153823
   0.0003223458   -0.0000464949   -0.0000235081
   0.0000156977   -0.0003466547    0.0003291324
   0.0001766465   -0.0000098878   -0.0000110589
   0.0001265700   -0.0001820797    0.0000388417
   0.0003679867   -0.0000103062    0.0000977951
  -0.0002609521   -0.0001304338   -0.0003126513
   0.0002116014   -0.0002447903   -0.0000892308

37   
 -0.0088863266434539   0.0045861965489762   0.0000000000000000
  -0.0002511550   -0.0001306191   -0.0000327062
   0.0001138065   -0.0003545144    0.0002302572
   0.0001140937   -0.0004044395   -0.0002720273
   0.0000368009   -0.0000786967    0.0000982363
   0.0001120958   -0.0002384081    0.0000220316
  -0.0000938070   -0.0002425273   -0.0000769428
   0.0000950547   -0.0000319362   -0.0003242273
  -0.0001526443   -0.0004048185    0.0001299546
   0.0000471004   -0.0003187076   -0.0000417271
  -0.0001659846   -0.0008261268    0.0013555118
  -0.0012249497    0.0033542896    0.0021960749
   0.0005846155   -0.0006996053   -0.0003047511
  -0.0008018825    0.0031545923   -0.0019402335
   0.0004133282    0.0001160200   -0.0002299377
   0.0004014824   -0.0005622178    0.0003379971
   0.0001419023   -0.0003891136    0.0001050009
  -0.0004594179   -0.0001295339    0.0001599494
  -0.0001244473   -0.0009408149    0.0000677304
   0.0000352451    0.0002619297    0.0000908265
  -0.0001018686    0.0003892412   -0.0000660444
   0.0001508065    0.0002362566   -0.0002432573
   0.0000356106    0.0002863600    0.0001719325
   0.0000971817    0.0005214073   -0.0000562190
   0.0000637275    0.0003153208    0.0000291475
  -0.0000005009    0.0001054860    0.0000068896
  -0.0000216148    0.0002558803    0.0000330240
  -0.0001642409    0.0001123389   -0.0001135695
  -0.0099774260    0.0063588874    0.0064652579
  -0.0076446892    0.0059701637   -0.0060092428
   0.0005973410   -0.0001479896   -0.0000215132
  -0.0002010554    0.0006151968    0.0000998821
   0.0003226504    0.0006196800   -0.0001734141
   0.0000631271   -0.0003642531   -0.0001978213
   0.0006036809    0.0002079309   -0.0002962843
  -0.0010622495    0.0002498357    0.0004338156
   0.0000754406   -0.0003846605    0.0002540778
   0.0817552968    0.0105174727    0.0076886536
  -0.0002869788    0.0004717441    0.0003286251
  -0.0003034090    0.0004399480   -0.0003305508
  -0.0017795287    0.0000407056   -0.0015598919
  -0.0000302442    0.0000919454    0.0000457006
   0.0000342105   -0.0000146314    0.0001043625
  -0.0016666014    0.0003388063   -0.0009278381
   0.0002828437    0.0004731832   -0.0002788310
   0.0001166337    0.0003761625   -0.0000834475
   0.0001993452    0.0000594125   -0.0000703463
   0.0001695646    0.0000968690    0.0000516256
   0.0001750691    0.0001120833    0.0000199159
   0.0001776760    0.0000000374    0.0000190074
   0.0001646859    0.0001297606   -0.0000111161
   0.0001802967    0.0000880671   -0.0000675325
   0.0002085622    0.0000543482   -0.0000639635
   0.0001794359    0.0001138700   -0.0000307535
   0.0001464151    0.0001192115    0.0000790953
  -0.0001695198    0.0001850076   -0.0000294932
  -0.0000135548    0.0000256296   -0.0001071149
  -0.0003104564    0.0009933432    0.0008105716
  -0.0000756359    0.0001582012   -0.0001589668
  -0.0004593024   -0.0003163111    0.0002966553
  -0.0002546177    0.0000804615    0.0000886759
   0.0000670212    0.0002590456   -0.0001952435
  -0.0002345220    0.0000056558    0.0000155305
  -0.0001612589    0.0001687666   -0.0000712029
  -0.0009038604   -0.0008015448    0.0008204400
  -0.0000763215    0.0004601531   -0.0005122671
  -0.0002916994    0.0001418412    0.0000051989
   0.0002123239   -0.0001188543   -0.0002434778
  -0.0010069697   -0.0004086364   -0.0005578812
  -0.0001744744    0.0000672096    0.0000462378
  -0.0002342913    0.0000229444    0.0000926728
  -0.0001633895    0.0000319120   -0.0000143885
  -0.0001226028    0.0002267712    0.0000342099
  -0.0001721170   -0.0000470921    0.0000787495
  -0.0001591205   -0.0001237400   -0.0000216459
  -0.0002036571   -0.0000483428    0.0000547101
  -0.0001810530   -0.0001092839    0.0000116346
  -0.0001735182   -0.0001292098   -0.0000057702
  -0.0001842808   -0.0000929829    0.0001000712
  -0.0002002815   -0.0000180984    0.0000829716
  -0.0001262517   -0.0001477447    0.0000493178
  -0.0001818108   -0.0000685562    0.0000115047
  -0.0006076792    0.0001533392    0.0000034615
  -0.0561761094   -0.0286112412   -0.0110858066
  -0.0012236069    0.0011322316    0.0002682244
  -0.0007988904    0.0017510326   -0.0003821728
   0.0002195437   -0.0026109519    0.0031181026
  -0.0002492427    0.0000740803   -0.0000048098
  -0.0003327324   -0.0000204116    0.0000910766
  -0.0000008959   -0.0008219733    0.0005802871
  -0.0000245535    0.0001838317   -0.0000425862
   0.0004062397   -0.0004515171   -0.0001150639
  -0.0000042326   -0.0001907092   -0.0001239197
   0.0002290217    0.0004085424    0.0003843543
   0.0000891568   -0.0002390548    0.0000504386
   0.0002208919   -0.0000533483    0.0000637066
   0.0002294837    0.0000011397   -0.0000596050
   0.0000659453   -0.0003247166    0.0002967250
   0.0005326369    0.0000996331   -0.0004822720
   0.0000984987   -0.0000062375    0.0000224831
   0.0002598505   -0.0001603046   -0.0001933185
   0.0001265800   -0.0004306599    0.0004714440
   0.0000306964   -0.0001278143   -0.0000200941
   0.0003410099    0.0001672609   -0.0003740600
   0.0001757197   -0.0001680527   -0.0000343078
   0.0002267154    0.0000046879   -0.0000842022
  -0.0000129853   -0.0001669916   -0.0001419689
   0.0006123844   -0.0000448468    0.0002685262
   0.0001413449    0.0000656764    0.0000432640

37   
  0.0088863266434539   0.0045861965489762   0.0000000000000000
   0.0001428480   -0.0001528151   -0.0000287689
   0.0000027442   -0.0001592569   -0.0000952281
   0.0000121136   -0.0001309533    0.0001098867
  -0.0000804639   -0.0003450701   -0.0000023353
  -0.0000298215   -0.0003098070    0.0000504294
  -0.0000002429   -0.0003567623   -0.0000310855
  -0.0000086405   -0.0003370194    0.0001758306
   0.0000512579   -0.0002256952   -0.0000241536
  -0.0000614319   -0.0002564929    0.0000218477
   0.0002311924    0.0007887301   -0.0010802568
   0.0016990376    0.0011164276    0.0008173336
  -0.0002170207   -0.0000517033    0.0000430845
  -0.0000238211    0.0023966937   -0.0028513690
  -0.0003097113   -0.0005190102    0.0001149856
   0.0001070453   -0.0002426796   -0.0000563073
  -0.0005312932   -0.0001353369   -0.0003501339
   0.0002643975   -0.0010629424   -0.0006718094
  -0.0000129286   -0.0004271647   -0.0000404137
   0.0000517389    0.0003732506   -0.0000263890
   0.0002083213    0.0004577754    0.0000166528
   0.0000065370    0.0003749469    0.0000825349
   0.0001033017    0.0002397365    0.0001626051
  -0.0001009011    0.0002415666    0.0001599418
  -0.0000250604    0.0002352170    0.0000368025
  -0.0001290853    0.0001632260    0.0000980434
  -0.0000787783    0.0002130244   -0.0000834944
   0.0000091428    0.0001510296   -0.0000372426
   0.0052400684   -0.0016277393   -0.0029201939
   0.0059124378   -0.0026479919    0.0041078308
  -0.0002188668    0.0004399686    0.0000469382
  -0.0005791485    0.0000676586   -0.0000054505
  -0.0002328862   -0.0001762037    0.0003636441
   0.0000992225    0.0001316700   -0.0001140070
  -0.0006013139    0.0005845153    0.0004616413
   0.0007625998   -0.0001864612    0.0006454832
  -0.0000795251    0.0004092111   -0.0000824657
  -0.1119565197   -0.0539138722   -0.0145938829
   0.0003591513   -0.0001281082   -0.0003454692
   0.0003442233   -0.0000970479    0.0000796506
   0.0027324435    0.0016232227    0.0024319586
   0.0001729717    0.0002524336   -0.0000709545
  -0.0000291472    0.0002734784    0.0001859600
   0.0028572554    0.0013278982    0.0012722267
   0.0002195786   -0.0002036274    0.0000432173
   0.0003203914   -0.0000332894   -0.0000014812
   0.0001687767    0.0000844513    0.0000007493
   0.0001670261    0.0000724013   -0.0000556530
   0.0001669697    0.0000681203    0.0000057161
   0.0001751870    0.0001251074   -0.0000738473
   0.0001827905    0.0000911152   -0.0000139404
   0.0001675875    0.0001146614   -0.0000229742
   0.0001966029    0.0000641922   -0.0000181955
   0.0001939430    0.0000863185   -0.0000034431
   0.0001744473    0.0001030836   -0.0001021213
  -0.0001041786    0.0000029883    0.0001016901
  -0.0002319698    0.0000801019    0.0002703713
  -0.0002736105   -0.0000081544   -0.0000648743
  -0.0002949831   -0.0000457957    0.0000477442
  -0.0000023054   -0.0001035968   -0.0003623167
  -0.0001769059    0.0001053367    0.0000236477
   0.0000956473    0.0007100761   -0.0005904925
  -0.0001323992    0.0001774211    0.0000748240
  -0.0002041979    0.0002053512    0.0000941133
   0.0000215118    0.0002340085   -0.0003347033
  -0.0005783110   -0.0000846221    0.0000900533
  -0.0001402458    0.0000725765    0.0000144550
  -0.0002813670    0.0004879722    0.0007974242
   0.0002315817    0.0004280636    0.0002707113
  -0.0002301016    0.0001054100    0.0000217953
  -0.0000867741    0.0001891316   -0.0000368170
  -0.0002182069    0.0001222536   -0.0000112452
  -0.0001418524    0.0000595890    0.0000183141
  -0.0001853219   -0.0000811694   -0.0000059584
  -0.0001834448   -0.0001032789    0.0000553316
  -0.0001757165   -0.0001181328    0.0000238483
  -0.0001669410   -0.0000791210    0.0000447546
  -0.0001713088   -0.0000998372    0.0000011700
  -0.0001639621   -0.0000768372   -0.0000154329
  -0.0001774549   -0.0000708906   -0.0000115626
  -0.0001853545   -0.0000678122   -0.0000209472
  -0.0001745017   -0.0000869570    0.0000309600
   0.0000073700   -0.0003258269    0.0000277289
   0.0945044174    0.0515024885    0.0176386684
  -0.0000152755   -0.0005875404   -0.0001137470
  -0.0003337712    0.0002187911    0.0002330384
   0.0002628060   -0.0008545060   -0.0044306199
  -0.0001811463   -0.0000723115    0.0000497808
  -0.0000780545   -0.0001331885    0.0000000634
   0.0001390671    0.0002112654   -0.0009872282
  -0.0003957028    0.0000467241   -0.0000051857
  -0.0000620338    0.0001520145   -0.0000484096
   0.0002847585   -0.0000159840   -0.0000510928
   0.0001429075   -0.0000877552    0.0000726093
   0.0002520864   -0.0000095098   -0.0001578829
   0.0001736657    0.0001320956   -0.0001910258
   0.0001719415   -0.0000787397   -0.0000366432
   0.0000857923   -0.0001586134    0.0000975535
  -0.0001507100   -0.0002562597    0.0001034017
   0.0001796368   -0.0001802252   -0.0000851962
  -0.0002138071   -0.0001374638   -0.0002868503
   0.0001416741   -0.0000537547   -0.0001835042
   0.0001984840   -0.0001134099   -0.0000321738
   0.0002668485    0.0001471559   -0.0000924677
   0.0002669672   -0.0000140610    0.0000547777
   0.0001666647   -0.0000795748   -0.0000230531
   0.0002770826   -0.0000431860    0.0001097741
  -0.0000759868   -0.0001083248    0.0000595969
   0.0001202480    0.0000015437    0.0000193015

37   
 -0.0088863266434539  -0.0045861965489762   0.0000000000000000
  -0.0001353118   -0.0003517611    0.0000356877
   0.0000456561   -0.0003544965    0.0001029643
  -0.0000396020   -0.0003651377   -0.0001044033
   0.0001036346   -0.0001306523    0.0000390860
   0.0000769717   -0.0001743118   -0.0000143369
  -0.0000111041   -0.0001092793    0.0000647549
   0.0000025779   -0.0001900978   -0.0002002019
  -0.0000359096   -0.0003103835    0.0000031385
   0.0000124330   -0.0002592805   -0.0000493576
  -0.0002201306   -0.0013699420    0.0010674532
  -0.0017279443   -0.0016496565   -0.0008440115
   0.0001713914   -0.0004782775   -0.0000759001
   0.0000070181   -0.0028887336    0.0028180521
   0.0003584861   -0.0000326289   -0.0001303258
  -0.0001409226   -0.0002660129    0.0000661518
   0.0005124296   -0.0004308943    0.0002888414
  -0.0002548011    0.0004890029    0.0005923722
  -0.0000522931   -0.0001363319   -0.0000081151
  -0.0000355845    0.0001754234    0.0000877696
  -0.0001548271    0.0000748422    0.0000432409
  -0.0000249648    0.0001786819   -0.0000294559
  -0.0000703608    0.0003423085   -0.0000984416
   0.0001599065    0.0003230034   -0.0001036670
   0.0000239110    0.0003498388    0.0000269727
   0.0001262682    0.0003518584   -0.0000779074
   0.0001064815    0.0003003052    0.0001020404
  -0.0000425569    0.0003850328    0.0000453646
  -0.0052763276    0.0021481103    0.0029284265
  -0.0058239123    0.0030528729   -0.0040186980
   0.0001739057    0.0000645016   -0.0000547411
   0.0005747685    0.0004867086    0.0000438205
   0.0002841774    0.0007000938   -0.0003385958
  -0.0001291926    0.0004083427    0.0001347826
   0.0005794790   -0.0001093267   -0.0005090730
  -0.0007732000    0.0006776469   -0.0007122239
   0.0000159530    0.0000819607    0.0000445022
   0.1174548492    0.0569103621    0.0157037096
  -0.0000053106    0.0003098625    0.0002961437
   0.0000066067    0.0002797763   -0.0001224944
  -0.0023017555   -0.0014010322   -0.0023736568
   0.0001805548   -0.0000757483    0.0000264321
   0.0003857228   -0.0000996473   -0.0002318652
  -0.0024603863   -0.0011356186   -0.0012760633
   0.0001334305    0.0003859592   -0.0000909199
   0.0000319576    0.0002110142   -0.0000447116
   0.0001848408    0.0000937384   -0.0000458410
   0.0001870882    0.0001054641    0.0000112049
   0.0001865531    0.0001102918   -0.0000502796
   0.0001786853    0.0000519460    0.0000303385
   0.0001709166    0.0000869553   -0.0000304172
   0.0001860895    0.0000632855   -0.0000221504
   0.0001568004    0.0001138136   -0.0000264435
   0.0001596183    0.0000912152   -0.0000418563
   0.0001790186    0.0000747541    0.0000576393
  -0.0002500391    0.0001730019   -0.0000571622
  -0.0001166321    0.0000924587   -0.0002314415
  -0.0000770533    0.0001921922    0.0001136231
  -0.0000540559    0.0002287326   -0.0000078084
  -0.0003515489    0.0002820849    0.0004153134
  -0.0001759077    0.0000743897    0.0000202653
  -0.0004483099   -0.0005294673    0.0006323104
  -0.0002216803   -0.0000010161   -0.0000295944
  -0.0001478254   -0.0000296202   -0.0000520736
  -0.0003733275   -0.0000551561    0.0003803032
   0.0002294694    0.0002656034   -0.0000443876
  -0.0002134033    0.0001051475    0.0000289885
  -0.0000685777   -0.0003093831   -0.0007519658
  -0.0005830575   -0.0002480446   -0.0002285074
  -0.0001218109    0.0000722428    0.0000214503
  -0.0002683692   -0.0000128413    0.0000801512
  -0.0001342397    0.0000541678    0.0000562295
  -0.0002106778    0.0001173265    0.0000243863
  -0.0001670658   -0.0000963415    0.0000493622
  -0.0001688739   -0.0000741713   -0.0000123528
  -0.0001764112   -0.0000592813    0.0000189222
  -0.0001857435   -0.0000984305   -0.0000019671
  -0.0001809418   -0.0000776240    0.0000418205
  -0.0001887483   -0.0001007742    0.0000592807
  -0.0001748461   -0.0001069128    0.0000544615
  -0.0001670953   -0.0001101122    0.0000647056
  -0.0001780805   -0.0000911754    0.0000117064
  -0.0003624842    0.0001530682    0.0000185876
  -0.0999966692   -0.0544872067   -0.0187800238
  -0.0003389095    0.0004099083    0.0001560131
  -0.0000149696   -0.0004021268   -0.0001908386
  -0.0007063724    0.0006074217    0.0042693354
  -0.0001733360   -0.0001035832   -0.0000081608
  -0.0002749983   -0.0000480170    0.0000439163
  -0.0005457002   -0.0004094226    0.0010057541
   0.0000479793   -0.0002288827    0.0000481210
   0.0004170911   -0.0003259569   -0.0000024115
   0.0000683194   -0.0001609989    0.0000055191
   0.0002116350   -0.0000928966   -0.0001217483
   0.0001001538   -0.0001690077    0.0001130559
   0.0001783100   -0.0003140221    0.0001494867
   0.0001820840   -0.0001015477   -0.0000114734
   0.0002693492   -0.0000150449   -0.0001472323
   0.0005050312    0.0000727897   -0.0001444561
   0.0001747519    0.0000028957    0.0000410620
   0.0005712860   -0.0000385233    0.0002423177
   0.0002119497   -0.0001236113    0.0001397292
   0.0001548205   -0.0000633992   -0.0000132137
   0.0000855572   -0.0003277494    0.0000513490
   0.0000837670   -0.0001657308   -0.0000989751
   0.0001869220   -0.0000980158   -0.0000216244
   0.0000719037   -0.0001380850   -0.0001581695
   0.0004311855   -0.0000687589   -0.0001110526
   0.0002344124   -0.0001802136   -0.0000656217

37   
  0.0046588122917133   0.0000000000000000   0.0088484726382908
   0.0001595262   -0.0002817604   -0.0009003231
  -0.0001503166   -0.0001647042   -0.0005542159
   0.0001057656   -0.0003130828   -0.0003584476
  -0.0001748708   -0.0004286973   -0.0004030103
  -0.0000594141   -0.0003263527   -0.0001832792
   0.0000376210   -0.0005005369   -0.0003773098
   0.0001491677   -0.0001268998   -0.0003277470
   0.0002427844    0.0000376900   -0.0005064074
  -0.0000088706   -0.0001812991   -0.0002435582
  -0.0003600547    0.0007981100   -0.0002386054
   0.0016266188    0.0027230432    0.0039573993
  -0.0001177586   -0.0000838426    0.0004200190
  -0.0001804324   -0.0048602543    0.0054194299
   0.0003115654   -0.0004084682    0.0005323585
  -0.0002254576   -0.0001442805    0.0002279778
   0.0000417940   -0.0003383137    0.0003692863
  -0.0001893317   -0.0007452134    0.0001457598
  -0.0000644565   -0.0001884266    0.0003283946
  -0.0000606174    0.0002854379   -0.0002379819
  -0.0001689238    0.0002477143   -0.0005925738
   0.0002041708    0.0001675894   -0.0003764643
  -0.0000894749    0.0004194693   -0.0004352575
   0.0003758355    0.0004104675   -0.0005577843
  -0.0000247586    0.0002819792   -0.0000324537
   0.0001373897    0.0002851649   -0.0004033883
  -0.0001192486    0.0002119008   -0.0002276704
  -0.0001097103    0.0001201288   -0.0003775085
  -0.0022436262    0.0019048127    0.0031835932
   0.0079712792   -0.0055617275    0.0078368773
  -0.0001982192    0.0003749814    0.0002242414
  -0.0003408241   -0.0001671940    0.0004222667
  -0.0003409845    0.0001517152    0.0002071534
  -0.0001346079    0.0002712235    0.0004195880
  -0.0000903279    0.0003413913    0.0003420120
   0.0007174241    0.0011135395    0.0001709324
  -0.0000175202    0.0006474117    0.0002747549
  -0.0620532114   -0.0235398560   -0.0361805228
   0.0005449247   -0.0002671926   -0.0007662692
   0.0000120938   -0.0000181737   -0.0004841625
   0.0024669696    0.0008574982    0.0008277534
   0.0002701222    0.0000914866   -0.0001948414
   0.0003202756   -0.0000132814   -0.0006301518
   0.0033323450    0.0011766209    0.0003819312
   0.0002010767    0.0002376636   -0.0005634973
   0.0001720304   -0.0000004240   -0.0001431988
   0.0002045294    0.0000723195    0.0002152884
   0.0001763333    0.0001602271    0.0001634983
   0.0000971273    0.0001365823    0.0002096881
   0.0002031263    0.0000484821    0.0001666260
   0.0000906996    0.0001162961    0.0002104973
   0.0002145600    0.0001116117    0.0001341130
   0.0001163787    0.0000745193    0.0002374790
   0.0002118658    0.0000441307    0.0001428380
   0.0001867797    0.0001018042    0.0001863633
  -0.0000806429    0.0000042887    0.0000004741
  -0.0001349029    0.0002535167    0.0002084530
  -0.0003624960    0.0006275319    0.0006574559
  -0.0000595424   -0.0000811063    0.0001570584
  -0.0003913197    0.0002577173    0.0012664555
  -0.0000984134    0.0000589364   -0.0000697021
  -0.0006017465   -0.0004655634    0.0007894807
  -0.0001663381    0.0000663431   -0.0000303002
  -0.0001136506    0.0001126338    0.0000229156
  -0.0005103326   -0.0000593880    0.0003853902
   0.0002046989   -0.0005433693    0.0006667886
  -0.0002069500    0.0000536181    0.0000701030
  -0.0000078117    0.0007064509    0.0007968492
   0.0005682155    0.0006336652    0.0006581447
  -0.0001936875    0.0001519903    0.0000279530
  -0.0001325678    0.0001421704    0.0000231442
  -0.0002079839    0.0001041326    0.0000310570
  -0.0001886067    0.0000341282   -0.0000250350
  -0.0002341117   -0.0000457904    0.0002514328
  -0.0001421570   -0.0000900840    0.0002485981
  -0.0001846313   -0.0000675676    0.0002660739
  -0.0001447535   -0.0000752024    0.0001343849
  -0.0001493142   -0.0001354744    0.0002310316
  -0.0002449661   -0.0000376314    0.0002133050
  -0.0002218925   -0.0000739605    0.0002154205
  -0.0002278107   -0.0000852668    0.0002692977
  -0.0001424733   -0.0001156775    0.0001342524
  -0.0000005270   -0.0002305697   -0.0003611678
   0.0536785826    0.0276503042    0.0141593071
  -0.0000433576   -0.0004377765   -0.0006135210
   0.0002504611   -0.0006725979   -0.0005114332
  -0.0039188638   -0.0008220876   -0.0019156416
  -0.0001322332   -0.0001235495   -0.0001443476
  -0.0001552091   -0.0000719969   -0.0001524434
  -0.0009177419   -0.0002373646   -0.0007314284
  -0.0002547776   -0.0002124834   -0.0001676413
   0.0000092216    0.0004811899    0.0001872218
   0.0003598971   -0.0000635127    0.0000450362
   0.0002947057    0.0001929853    0.0002076791
   0.0002118134   -0.0000231918   -0.0000436473
   0.0001730614   -0.0001473813   -0.0000865136
   0.0001839830   -0.0000508486   -0.0000391589
  -0.0001494373   -0.0003684423    0.0001809762
  -0.0001032150   -0.0005471806    0.0005267041
   0.0002578674   -0.0001983763   -0.0000443594
   0.0000928805    0.0000221919    0.0001464112
   0.0000903603   -0.0004093178    0.0000505046
   0.0001290333   -0.0000145802   -0.0000489108
   0.0000020540   -0.0005801929    0.0003617301
   0.0001526980   -0.0000072939   -0.0000358322
   0.0001784058   -0.0000612639   -0.0000268399
   0.0002916481    0.0000633838    0.0001042420
   0.0002854970    0.0002147618    0.0003155372
   0.0000302187   -0.0000388811   -0.0000244359

37   
 -0.0046588122917133   0.0000000000000000  -0.0088484726382908
  -0.0001504072   -0.0002214090    0.0009069870
   0.0001991206   -0.0003475139    0.0005611350
  -0.0001328885   -0.0001812538    0.0003650424
   0.0001973363   -0.0000478134    0.0004387377
   0.0001062152   -0.0001582371    0.0002203360
  -0.0000494908    0.0000350172    0.0004120876
  -0.0001552553   -0.0004008428    0.0003071716
  -0.0002286520   -0.0005754876    0.0004878418
  -0.0000414494   -0.0003352349    0.0002169819
   0.0003426469   -0.0013613820    0.0001921449
  -0.0016029868   -0.0033944029   -0.0040838823
   0.0000691156   -0.0004443852   -0.0004801464
   0.0001931021    0.0044584046   -0.0054902199
  -0.0002583715   -0.0001415127   -0.0005403300
   0.0001920424   -0.0003614064   -0.0002193070
  -0.0000676247   -0.0002351983   -0.0004285937
   0.0001946779    0.0001600092   -0.0002077747
   0.0000002951   -0.0003739711   -0.0003755752
   0.0000772832    0.0002645949    0.0002980821
   0.0002280969    0.0002883471    0.0006517524
  -0.0002233547    0.0003871846    0.0004294651
   0.0001221053    0.0001603929    0.0004995559
  -0.0003205667    0.0001510325    0.0006176343
   0.0000223111    0.0003031360    0.0000962081
  -0.0001388459    0.0002308997    0.0004227653
   0.0001446010    0.0003001900    0.0002447431
   0.0000775708    0.0004146148    0.0003849637
   0.0022427928   -0.0014082558   -0.0032137923
  -0.0075920598    0.0058797146   -0.0076165453
   0.0001501499    0.0001332784   -0.0002278733
   0.0003440169    0.0007021119   -0.0004002415
   0.0003850334    0.0003696424   -0.0001833618
   0.0001063135    0.0002673740   -0.0003992616
   0.0000578772    0.0001346166   -0.0003824498
  -0.0007105461   -0.0006413472   -0.0002112404
  -0.0000479311   -0.0001572567   -0.0003137463
   0.0633243453    0.0247695587    0.0357937864
  -0.0001919686    0.0004442418    0.0007169638
   0.0003438908    0.0001948744    0.0004402795
  -0.0020873743   -0.0006714593   -0.0009037660
   0.0000831106    0.0000858551    0.0001497742
   0.0000347436    0.0001930098    0.0005855849
  -0.0029683926   -0.0009889270   -0.0004330154
   0.0001534867   -0.0000654595    0.0005203826
   0.0001814917    0.0001780289    0.0000976736
   0.0001488504    0.0001057604   -0.0002601610
   0.0001773367    0.0000174042   -0.0002087991
   0.0002562802    0.0000414139   -0.0002546182
   0.0001507453    0.0001303239   -0.0002129399
   0.0002634134    0.0000614204   -0.0002555354
   0.0001391179    0.0000665844   -0.0001792029
   0.0002370139    0.0001036463   -0.0002822101
   0.0001417674    0.0001336993   -0.0001877456
   0.0001667108    0.0000758804   -0.0002311660
  -0.0002712354    0.0001734967    0.0000433234
  -0.0002161645   -0.0000762350   -0.0001656312
   0.0000109006   -0.0004536838   -0.0006213568
  -0.0002928064    0.0002614772   -0.0001138939
   0.0000413216   -0.0000770976   -0.0012414306
  -0.0002536285    0.0001200153    0.0001132202
   0.0002498047    0.0006324890   -0.0007399338
  -0.0001860583    0.0001115483    0.0000742718
  -0.0002384676    0.0000647134    0.0000197934
   0.0001608484    0.0002401065   -0.0003453293
  -0.0005490363    0.0007201883   -0.0006240111
  -0.0001452184    0.0001240753   -0.0000273109
  -0.0003452209   -0.0005249633   -0.0007498757
  -0.0009145992   -0.0004516997   -0.0006117354
  -0.0001588242    0.0000260683    0.0000147569
  -0.0002202787    0.0000353306    0.0000187803
  -0.0001446128    0.0000723831    0.0000112344
  -0.0001639234    0.0001432278    0.0000676991
  -0.0001182508   -0.0001316247   -0.0002082470
  -0.0002103557   -0.0000875152   -0.0002051278
  -0.0001675995   -0.0001103580   -0.0002234544
  -0.0002075775   -0.0001024761   -0.0000915989
  -0.0002027926   -0.0000415640   -0.0001882495
  -0.0001072268   -0.0001400482   -0.0001704687
  -0.0001305463   -0.0001037043   -0.0001729325
  -0.0001247445   -0.0000922171   -0.0002264152
  -0.0002100769   -0.0000621038   -0.0000914415
  -0.0003495386    0.0000529282    0.0004039132
  -0.0553289652   -0.0286954284   -0.0138803223
  -0.0003121850    0.0002647997    0.0006567377
  -0.0005996609    0.0004946586    0.0005553825
   0.0035086387    0.0006145912    0.0020680286
  -0.0002214090   -0.0000539718    0.0001862928
  -0.0001968126   -0.0001064669    0.0001950385
   0.0005528164    0.0000543180    0.0007780360
  -0.0000965614    0.0000337640    0.0002094314
   0.0003405008   -0.0006568582   -0.0002351895
  -0.0000065804   -0.0001133589   -0.0000904080
   0.0000578605   -0.0003739152   -0.0002548955
   0.0001418260   -0.0001542653   -0.0000016636
   0.0001800780   -0.0000304345    0.0000421698
   0.0001696831   -0.0001274953   -0.0000064434
   0.0005031726    0.0001931332   -0.0002248565
   0.0004526073    0.0003680113   -0.0005713366
   0.0000960263    0.0000206077   -0.0000008938
   0.0002662891   -0.0001996437   -0.0001938125
   0.0002643430    0.0002356951   -0.0000903789
   0.0002249295   -0.0001635072    0.0000038209
   0.0003557700    0.0004045455   -0.0004094189
   0.0002001050   -0.0001712261   -0.0000088623
   0.0001747008   -0.0001162182   -0.0000181239
   0.0000625410   -0.0002410862   -0.0001483613
   0.0000664583   -0.0003933609   -0.0003623271
   0.0003228933   -0.0001391511   -0.0000207725
